3061	3062	3063	1	 1.111673499e+02 8.000000000e+01
3061	3062	3065	1	 1.088602071e+02 8.000000000e+01
3062	3063	3064	1	 1.205286352e+02 8.000000000e+01
3062	3063	3073	1	 1.165620947e+02 8.000000000e+01
3062	3065	3066	1	 1.141348899e+02 8.000000000e+01
3063	3062	3065	1	 1.100537941e+02 8.000000000e+01
3063	3073	3074	1	 1.216565237e+02 8.000000000e+01
3064	3063	3073	1	 1.229092594e+02 8.000000000e+01
3065	3066	3067	1	 1.212241068e+02 8.000000000e+01
3065	3066	3068	1	 1.208049151e+02 8.000000000e+01
3066	3067	3069	1	 1.211014556e+02 8.000000000e+01
3066	3068	3070	1	 1.212741751e+02 8.000000000e+01
3067	3066	3068	1	 1.179707379e+02 8.000000000e+01
3067	3069	3071	1	 1.197856243e+02 8.000000000e+01
3068	3070	3071	1	 1.195158163e+02 8.000000000e+01
3069	3071	3070	1	 1.203517692e+02 8.000000000e+01
3069	3071	3072	1	 1.198820298e+02 8.000000000e+01
3070	3071	3072	1	 1.197660938e+02 8.000000000e+01
3073	3074	3075	1	 1.111227714e+02 8.000000000e+01
3073	3074	3077	1	 1.114707697e+02 8.000000000e+01
3074	3075	3076	1	 1.206076530e+02 8.000000000e+01
3074	3075	3080	1	 1.164735952e+02 8.000000000e+01
3074	3077	3078	1	 1.098938513e+02 8.000000000e+01
3074	3077	3079	1	 1.108318160e+02 8.000000000e+01
3075	3074	3077	1	 1.089604703e+02 8.000000000e+01
3075	3080	3081	1	 1.216170212e+02 8.000000000e+01
3076	3075	3080	1	 1.229186021e+02 8.000000000e+01
3078	3077	3079	1	 1.097078061e+02 8.000000000e+01
3080	3081	3082	1	 1.113331431e+02 8.000000000e+01
3080	3081	3084	1	 1.115059076e+02 8.000000000e+01
3081	3082	3083	1	 1.210798181e+02 8.000000000e+01
3081	3082	3088	1	 1.158216454e+02 8.000000000e+01
3081	3084	3085	1	 1.103468864e+02 8.000000000e+01
3081	3084	3086	1	 1.108209292e+02 8.000000000e+01
3082	3081	3084	1	 1.088874661e+02 8.000000000e+01
3082	3088	3089	1	 1.218702180e+02 8.000000000e+01
3083	3082	3088	1	 1.230954430e+02 8.000000000e+01
3084	3085	3087	1	 1.134861274e+02 8.000000000e+01
3085	3084	3086	1	 1.102421082e+02 8.000000000e+01
3088	3089	3090	1	 1.105351610e+02 8.000000000e+01
3088	3089	3092	1	 1.103615367e+02 8.000000000e+01
3089	3090	3091	1	 1.205429381e+02 8.000000000e+01
3089	3090	3093	1	 1.166894299e+02 8.000000000e+01
3090	3089	3092	1	 1.105469088e+02 8.000000000e+01
3090	3093	3094	1	 1.215522813e+02 8.000000000e+01
3091	3090	3093	1	 1.227675086e+02 8.000000000e+01
3093	3094	3095	1	 1.113086335e+02 8.000000000e+01
3093	3094	3097	1	 1.102105390e+02 8.000000000e+01
3094	3095	3096	1	 1.208464471e+02 8.000000000e+01
3094	3095	3098	1	 1.162592572e+02 8.000000000e+01
3095	3094	3097	1	 1.103548016e+02 8.000000000e+01
3095	3098	3099	1	 1.214978852e+02 8.000000000e+01
3096	3095	3098	1	 1.228935291e+02 8.000000000e+01
3098	3099	3100	1	 1.108515407e+02 8.000000000e+01
3098	3099	3102	1	 1.104451972e+02 8.000000000e+01
3099	3100	3101	1	 1.208236801e+02 8.000000000e+01
3099	3100	3106	1	 1.161581275e+02 8.000000000e+01
3099	3102	3103	1	 1.161339356e+02 8.000000000e+01
3100	3099	3102	1	 1.107083474e+02 8.000000000e+01
3100	3106	3107	1	 1.217966365e+02 8.000000000e+01
3101	3100	3106	1	 1.230180637e+02 8.000000000e+01
3102	3103	3104	1	 1.106939217e+02 8.000000000e+01
3102	3103	3105	1	 1.105117308e+02 8.000000000e+01
3104	3103	3105	1	 1.104392148e+02 8.000000000e+01
3106	3107	3108	1	 1.103066298e+02 8.000000000e+01
3106	3107	3110	1	 1.106531084e+02 8.000000000e+01
3107	3108	3109	1	 1.206184469e+02 8.000000000e+01
3107	3108	3114	1	 1.167298850e+02 8.000000000e+01
3107	3110	3111	1	 1.155018254e+02 8.000000000e+01
3108	3107	3110	1	 1.100610504e+02 8.000000000e+01
3108	3114	3115	1	 1.213439793e+02 8.000000000e+01
3109	3108	3114	1	 1.226514486e+02 8.000000000e+01
3110	3111	3112	1	 1.105910222e+02 8.000000000e+01
3110	3111	3113	1	 1.103974722e+02 8.000000000e+01
3112	3111	3113	1	 1.103652268e+02 8.000000000e+01
3114	3115	3116	1	 1.112762447e+02 8.000000000e+01
3114	3115	3118	1	 1.100818987e+02 8.000000000e+01
3115	3116	3117	1	 1.205435039e+02 8.000000000e+01
3115	3116	3120	1	 1.178060422e+02 8.000000000e+01
3115	3118	3119	1	 1.111411306e+02 8.000000000e+01
3116	3115	3118	1	 1.101361095e+02 8.000000000e+01
3116	3120	3121	1	 1.222202783e+02 8.000000000e+01
3116	3120	3126	1	 1.257172321e+02 8.000000000e+01
3117	3116	3120	1	 1.216454238e+02 8.000000000e+01
3120	3121	3122	1	 1.111545726e+02 8.000000000e+01
3120	3121	3124	1	 1.039634027e+02 8.000000000e+01
3120	3126	3125	1	 1.032888513e+02 8.000000000e+01
3121	3120	3126	1	 1.120592557e+02 8.000000000e+01
3121	3122	3123	1	 1.205288508e+02 8.000000000e+01
3121	3122	3127	1	 1.165504226e+02 8.000000000e+01
3121	3124	3125	1	 1.050105514e+02 8.000000000e+01
3122	3121	3124	1	 1.110199353e+02 8.000000000e+01
3122	3127	3128	1	 1.213540074e+02 8.000000000e+01
3123	3122	3127	1	 1.229136838e+02 8.000000000e+01
3124	3125	3126	1	 1.060907575e+02 8.000000000e+01
3127	3128	3129	1	 1.115464646e+02 8.000000000e+01
3127	3128	3131	1	 1.100630660e+02 8.000000000e+01
3128	3129	3130	1	 1.209685348e+02 8.000000000e+01
3128	3129	3139	1	 1.157927166e+02 8.000000000e+01
3128	3131	3132	1	 1.139078651e+02 8.000000000e+01
3129	3128	3131	1	 1.098377954e+02 8.000000000e+01
3129	3139	3140	1	 1.219413858e+02 8.000000000e+01
3130	3129	3139	1	 1.232385882e+02 8.000000000e+01
3131	3132	3133	1	 1.210705746e+02 8.000000000e+01
3131	3132	3134	1	 1.208934478e+02 8.000000000e+01
3132	3133	3135	1	 1.211939265e+02 8.000000000e+01
3132	3134	3136	1	 1.210514432e+02 8.000000000e+01
3133	3132	3134	1	 1.180355954e+02 8.000000000e+01
3133	3135	3137	1	 1.196375430e+02 8.000000000e+01
3134	3136	3137	1	 1.198613099e+02 8.000000000e+01
3135	3137	3136	1	 1.202198892e+02 8.000000000e+01
3135	3137	3138	1	 1.199552049e+02 8.000000000e+01
3136	3137	3138	1	 1.198248793e+02 8.000000000e+01
3139	3140	3141	1	 1.104422188e+02 8.000000000e+01
3139	3140	3143	1	 1.105399666e+02 8.000000000e+01
3140	3141	3142	1	 1.182785810e+02 8.000000000e+01
3140	3141	3145	1	 1.182612853e+02 8.000000000e+01
3140	3143	3144	1	 1.112508783e+02 8.000000000e+01
3141	3140	3143	1	 1.100756740e+02 8.000000000e+01
3142	3141	3145	1	 1.234579739e+02 8.000000000e+01
