3061	3062	1	 1.483670449e-01 1.000000000e+04
3062	3063	1	 1.527528068e-01 1.000000000e+04
3062	3065	1	 1.533256991e-01 1.000000000e+04
3063	3064	1	 1.234497469e-01 1.000000000e+04
3063	3073	1	 1.328301924e-01 1.000000000e+04
3065	3066	1	 1.516117410e-01 1.000000000e+04
3066	3067	1	 1.390648769e-01 1.000000000e+04
3066	3068	1	 1.391365157e-01 1.000000000e+04
3067	3069	1	 1.381867577e-01 1.000000000e+04
3068	3070	1	 1.383101587e-01 1.000000000e+04
3069	3071	1	 1.378526024e-01 1.000000000e+04
3070	3071	1	 1.379394432e-01 1.000000000e+04
3071	3072	1	 1.378196285e-01 1.000000000e+04
3073	3074	1	 1.457528730e-01 1.000000000e+04
3074	3075	1	 1.526473059e-01 1.000000000e+04
3074	3077	1	 1.539432038e-01 1.000000000e+04
3075	3076	1	 1.233020276e-01 1.000000000e+04
3075	3080	1	 1.329568727e-01 1.000000000e+04
3077	3078	1	 1.432231127e-01 1.000000000e+04
3077	3079	1	 1.522626021e-01 1.000000000e+04
3080	3081	1	 1.457827836e-01 1.000000000e+04
3081	3082	1	 1.523973097e-01 1.000000000e+04
3081	3084	1	 1.544654007e-01 1.000000000e+04
3082	3083	1	 1.229845519e-01 1.000000000e+04
3082	3088	1	 1.325784296e-01 1.000000000e+04
3084	3085	1	 1.529408382e-01 1.000000000e+04
3084	3086	1	 1.525533022e-01 1.000000000e+04
3085	3087	1	 1.513407744e-01 1.000000000e+04
3088	3089	1	 1.456496138e-01 1.000000000e+04
3089	3090	1	 1.523349927e-01 1.000000000e+04
3089	3092	1	 1.523325966e-01 1.000000000e+04
3090	3091	1	 1.230779428e-01 1.000000000e+04
3090	3093	1	 1.328083582e-01 1.000000000e+04
3093	3094	1	 1.458191345e-01 1.000000000e+04
3094	3095	1	 1.525545148e-01 1.000000000e+04
3094	3097	1	 1.519739780e-01 1.000000000e+04
3095	3096	1	 1.229726392e-01 1.000000000e+04
3095	3098	1	 1.330929375e-01 1.000000000e+04
3098	3099	1	 1.460590292e-01 1.000000000e+04
3099	3100	1	 1.527242613e-01 1.000000000e+04
3099	3102	1	 1.534576489e-01 1.000000000e+04
3100	3101	1	 1.227130392e-01 1.000000000e+04
3100	3106	1	 1.330843717e-01 1.000000000e+04
3102	3103	1	 1.529031393e-01 1.000000000e+04
3103	3104	1	 1.521641548e-01 1.000000000e+04
3103	3105	1	 1.520856009e-01 1.000000000e+04
3106	3107	1	 1.459526636e-01 1.000000000e+04
3107	3108	1	 1.526740646e-01 1.000000000e+04
3107	3110	1	 1.535658165e-01 1.000000000e+04
3108	3109	1	 1.228889336e-01 1.000000000e+04
3108	3114	1	 1.331510796e-01 1.000000000e+04
3110	3111	1	 1.528064135e-01 1.000000000e+04
3111	3112	1	 1.516380889e-01 1.000000000e+04
3111	3113	1	 1.518284888e-01 1.000000000e+04
3114	3115	1	 1.456074517e-01 1.000000000e+04
3115	3116	1	 1.525067212e-01 1.000000000e+04
3115	3118	1	 1.532550162e-01 1.000000000e+04
3116	3117	1	 1.231943181e-01 1.000000000e+04
3116	3120	1	 1.348663412e-01 1.000000000e+04
3118	3119	1	 1.416582507e-01 1.000000000e+04
3120	3121	1	 1.467099519e-01 1.000000000e+04
3121	3122	1	 1.522763278e-01 1.000000000e+04
3121	3124	1	 1.533565779e-01 1.000000000e+04
3122	3123	1	 1.230127636e-01 1.000000000e+04
3122	3127	1	 1.330349578e-01 1.000000000e+04
3124	3125	1	 1.493244454e-01 1.000000000e+04
3125	3126	1	 1.503992354e-01 1.000000000e+04
3126	3120	1	 1.473065851e-01 1.000000000e+04
3127	3128	1	 1.457107409e-01 1.000000000e+04
3128	3129	1	 1.521524893e-01 1.000000000e+04
3128	3131	1	 1.530879486e-01 1.000000000e+04
3129	3130	1	 1.228967860e-01 1.000000000e+04
3129	3139	1	 1.327267117e-01 1.000000000e+04
3131	3132	1	 1.514611831e-01 1.000000000e+04
3132	3133	1	 1.386736457e-01 1.000000000e+04
3132	3134	1	 1.391599439e-01 1.000000000e+04
3133	3135	1	 1.384437431e-01 1.000000000e+04
3134	3136	1	 1.379635822e-01 1.000000000e+04
3135	3137	1	 1.377013072e-01 1.000000000e+04
3136	3137	1	 1.378208257e-01 1.000000000e+04
3137	3138	1	 1.377579762e-01 1.000000000e+04
3139	3140	1	 1.456294270e-01 1.000000000e+04
3140	3141	1	 1.524094813e-01 1.000000000e+04
3140	3143	1	 1.529429959e-01 1.000000000e+04
3141	3142	1	 1.246241148e-01 1.000000000e+04
3141	3145	1	 1.249206548e-01 1.000000000e+04
3143	3144	1	 1.417596205e-01 1.000000000e+04
