1701	2381	1	 1.222370658e-03 6.671839994e-06
1701	2382	1	 4.431664613e-03 8.769474328e-05
1701	2384	1	 2.411397435e-03 2.596434547e-05
1702	2381	1	 3.532051735e-04 5.570496453e-07
1702	2382	1	 1.219094494e-03 6.636124558e-06
1702	2383	1	 1.317590219e-03 7.751763501e-06
1702	2384	1	 4.959634728e-04 1.098346004e-06
1702	2385	1	 1.478134328e-03 9.755905749e-06
1702	2386	1	 2.685797098e-03 3.220966367e-05
1702	2388	1	 2.452567442e-03 2.685849707e-05
1702	2393	1	 5.110172972e-03 1.166033401e-04
1703	2381	1	 9.429492336e-04 3.970236827e-06
1703	2382	1	 2.022962089e-03 1.827322819e-05
1703	2383	1	 1.217030334e-03 6.613671138e-06
1703	2384	1	 3.007416949e-04 4.038564986e-07
1703	2385	1	 2.839149688e-03 3.599286111e-05
1703	2393	1	 4.151489812e-03 7.695693148e-05
1704	2381	1	 3.439332850e-03 5.281876049e-05
1704	2383	1	 4.191303948e-03 7.844009350e-05
1704	2384	1	 1.217477404e-03 6.618531024e-06
1705	2381	1	 8.177023421e-04 2.985590726e-06
1705	2382	1	 1.830322859e-03 1.495874632e-05
1705	2383	1	 2.329747421e-03 2.423580608e-05
1705	2384	1	 1.325394729e-03 7.843867839e-06
1705	2385	1	 1.216330772e-03 6.606070097e-06
1705	2386	1	 1.860216978e-03 1.545137018e-05
1705	2388	1	 1.100363514e-03 5.406449523e-06
1705	2390	1	 3.149816802e-03 4.430067874e-05
1706	2381	1	 1.040222438e-03 4.831613925e-06
1706	2382	1	 2.615562408e-03 3.054709837e-05
1706	2383	1	 4.936025868e-03 1.087914196e-04
1706	2384	1	 3.828336823e-03 6.544252854e-05
1706	2385	1	 1.433007832e-03 9.169315528e-06
1706	2386	1	 1.218593577e-03 6.630672216e-06
1706	2387	1	 4.139340615e-03 7.650716675e-05
1706	2388	1	 4.472907135e-04 8.933457031e-07
1706	2390	1	 9.883757006e-04 4.361982400e-06
1706	2391	1	 3.608047601e-03 5.812785630e-05
1707	2381	1	 3.380413882e-04 5.102459224e-07
1707	2382	1	 1.213700379e-03 6.577528902e-06
1707	2383	1	 3.464371706e-03 5.359061682e-05
1707	2384	1	 3.218938452e-03 4.626633895e-05
1707	2385	1	 6.908507898e-04 2.131121971e-06
1707	2386	1	 3.696898976e-04 6.102600712e-07
1707	2387	1	 1.221283899e-03 6.659981963e-06
1707	2388	1	 1.252627475e-04 7.006218156e-08
1707	2389	1	 1.754958045e-03 1.375223441e-05
1707	2390	1	 2.566961949e-04 2.942243769e-07
1707	2391	1	 9.653030068e-04 4.160706752e-06
1707	2392	1	 2.733277960e-03 3.335856719e-05
1708	2381	1	 4.885376044e-03 1.065702014e-04
1708	2385	1	 5.083769148e-03 1.154014942e-04
1708	2386	1	 3.780606915e-03 6.382088738e-05
1708	2388	1	 1.217809810e-03 6.622145610e-06
1708	2390	1	 1.747450974e-03 1.363483196e-05
1709	2381	1	 1.183752070e-03 6.256929951e-06
1709	2382	1	 3.357057978e-03 5.032195132e-05
1709	2385	1	 1.851136631e-03 1.530089164e-05
1709	2386	1	 6.347629547e-04 1.799131617e-06
1709	2387	1	 1.391809416e-03 8.649665848e-06
1709	2388	1	 1.620393719e-04 1.172413720e-07
1709	2389	1	 1.223494451e-03 6.684113218e-06
1709	2390	1	 1.220778549e-04 6.654471491e-08
1709	2391	1	 4.368772515e-04 8.522335991e-07
1709	2392	1	 9.557717116e-04 4.078947677e-06
1710	2386	1	 4.946515684e-03 1.092543080e-04
1710	2388	1	 1.390277640e-03 8.630637301e-06
1710	2390	1	 1.219872044e-03 6.644592424e-06
1710	2391	1	 4.165452248e-03 7.747545047e-05
1711	2386	1	 2.465981909e-03 2.715310894e-05
1711	2387	1	 4.909472338e-03 1.076240732e-04
1711	2388	1	 6.186478853e-04 1.708940157e-06
1711	2389	1	 3.818973757e-03 6.512281091e-05
1711	2390	1	 3.615303734e-04 5.836189289e-07
1711	2391	1	 1.222590038e-03 6.674235011e-06
1711	2392	1	 1.753865967e-03 1.373512421e-05
1712	2388	1	 1.610628273e-03 1.158324992e-05
1712	2389	1	 4.938923492e-03 1.089191860e-04
1712	2390	1	 6.115918634e-04 1.670179649e-06
1712	2391	1	 1.391127447e-03 8.641191470e-06
1712	2392	1	 1.225014054e-03 6.700727122e-06
1713	2381	1	 6.896260038e-04 2.123572281e-06
1713	2382	1	 9.493246006e-04 4.024104592e-06
1713	2383	1	 3.393629131e-04 5.142431888e-07
1713	2384	1	 5.715665529e-05 1.458724923e-08
1713	2385	1	 1.384036964e-03 8.553328812e-06
1713	2386	1	 4.732085902e-03 9.998734334e-05
1713	2393	1	 1.214959781e-03 6.591186384e-06
1713	2394	1	 1.489260570e-03 9.903328207e-06
1713	2395	1	 4.083884929e-03 7.447093093e-05
1713	2397	1	 4.710876057e-03 9.909303863e-05
1713	2398	1	 5.080888216e-03 1.152707370e-04
1713	2400	1	 4.217526982e-03 7.942469012e-05
1714	2381	1	 2.828308611e-03 3.571851389e-05
1714	2382	1	 2.883378606e-03 3.712300580e-05
1714	2383	1	 7.889271893e-04 2.779160555e-06
1714	2384	1	 1.544974504e-04 1.065816461e-07
1714	2385	1	 4.300269839e-03 8.257169619e-05
1714	2393	1	 1.712498868e-03 1.309484541e-05
1714	2394	1	 1.212959004e-03 6.569495737e-06
1714	2395	1	 3.037023417e-03 4.118471556e-05
1714	2397	1	 3.506020709e-03 5.488690521e-05
1714	2398	1	 4.838568476e-03 1.045378522e-04
1714	2399	1	 2.846161563e-03 3.617086447e-05
1714	2400	1	 2.305188489e-03 2.372753782e-05
1715	2382	1	 3.875654697e-03 6.707025271e-05
1715	2383	1	 1.006044868e-03 4.519334525e-06
1715	2384	1	 3.456046124e-04 5.333334827e-07
1715	2385	1	 4.313420268e-03 8.307748466e-05
1715	2393	1	 1.397992423e-03 8.726687514e-06
1715	2394	1	 7.494178492e-04 2.507770880e-06
1715	2395	1	 1.209110754e-03 6.527876921e-06
1715	2396	1	 4.174582088e-03 7.781544409e-05
1715	2397	1	 2.938450094e-03 3.855462007e-05
1715	2399	1	 2.450668212e-03 2.681691557e-05
1715	2400	1	 6.137055014e-04 1.681743750e-06
1715	2401	1	 2.009885026e-03 1.803774399e-05
1715	2402	1	 3.375241313e-03 5.086856029e-05
1715	2403	1	 1.756331778e-03 1.377377259e-05
1715	2404	1	 1.718237857e-03 1.318276034e-05
1715	2405	1	 3.374621861e-03 5.084989034e-05
1715	2407	1	 4.884007719e-03 1.065105122e-04
1716	2381	1	 3.331884023e-03 4.957007109e-05
1716	2382	1	 1.707539158e-03 1.301910512e-05
1716	2383	1	 3.655814676e-04 5.967715813e-07
1716	2384	1	 1.769477021e-04 1.398072341e-07
1716	2385	1	 1.605616130e-03 1.151126984e-05
1716	2393	1	 4.090771602e-04 7.472230400e-07
1716	2394	1	 2.195061115e-04 2.151458745e-07
1716	2395	1	 2.966351491e-04 3.929026976e-07
1716	2396	1	 1.208593709e-03 6.522295156e-06
1716	2397	1	 1.461461003e-03 9.537054232e-06
1716	2398	1	 3.387281009e-03 5.123211017e-05
1716	2399	1	 1.703133190e-03 1.295200532e-05
1716	2400	1	 1.543859820e-04 1.064279064e-07
1716	2401	1	 6.657747056e-04 1.979221373e-06
1716	2402	1	 1.742905381e-03 1.356398845e-05
1716	2403	1	 1.176463627e-03 6.180118451e-06
1716	2404	1	 5.009880225e-04 1.120713170e-06
1716	2405	1	 8.828064243e-04 3.479932015e-06
1716	2406	1	 2.554602403e-03 2.913979031e-05
1716	2407	1	 1.496376344e-03 9.998191656e-06
1717	2381	1	 2.883859626e-03 3.713539293e-05
1717	2382	1	 2.819684507e-03 3.550101955e-05
1717	2383	1	 5.854240788e-04 1.530315412e-06
1717	2384	1	 8.773257665e-05 3.436857761e-08
1717	2393	1	 1.155451295e-03 5.961328806e-06
1717	2394	1	 5.986899045e-04 1.600455707e-06
1717	2395	1	 2.199285181e-03 2.159747030e-05
1717	2397	1	 1.215144847e-03 6.593194517e-06
1717	2398	1	 1.577998639e-03 1.111867506e-05
1717	2399	1	 6.968313250e-04 2.168178935e-06
1717	2400	1	 1.861604835e-03 1.547443447e-05
1718	2381	1	 1.211207848e-03 6.550540589e-06
1718	2382	1	 1.734361308e-03 1.343132760e-05
1718	2383	1	 4.373715493e-04 8.541631825e-07
1718	2384	1	 4.873744830e-05 1.060633560e-08
1718	2385	1	 5.016252108e-03 1.123565771e-04
1718	2393	1	 1.284206634e-03 7.363929262e-06
1718	2394	1	 1.043342124e-03 4.860637956e-06
1718	2395	1	 4.549094172e-03 9.240376022e-05
1718	2397	1	 1.596710650e-03 1.138393045e-05
1718	2398	1	 1.219128817e-03 6.636498242e-06
1718	2399	1	 1.196375621e-03 6.391089493e-06
1718	2400	1	 5.240054350e-03 1.226059009e-04
1719	2383	1	 3.492394174e-03 5.446108633e-05
1719	2384	1	 9.383853575e-04 3.931897924e-06
1719	2393	1	 5.096311307e-03 1.159716103e-04
1719	2394	1	 2.345275430e-03 2.455995108e-05
1719	2397	1	 3.182697382e-03 4.523040572e-05
1719	2398	1	 4.383833806e-03 8.581198585e-05
1719	2399	1	 1.214792677e-03 6.589373429e-06
1719	2400	1	 4.069746821e-03 7.395619772e-05
1720	2383	1	 4.516267613e-03 9.107498875e-05
1720	2384	1	 2.011640361e-03 1.806926432e-05
1720	2394	1	 2.625996249e-03 3.079129768e-05
1720	2395	1	 3.051978272e-03 4.159131621e-05
1720	2399	1	 5.147067273e-03 1.182931179e-04
1720	2400	1	 1.206598454e-03 6.500777758e-06
1720	2401	1	 2.627373735e-03 3.082360977e-05
1720	2402	1	 3.088717095e-03 4.259867130e-05
1720	2403	1	 1.224125274e-03 6.691007533e-06
1720	2404	1	 2.022571003e-03 1.826616359e-05
1720	2405	1	 5.095315756e-03 1.159263052e-04
1720	2406	1	 5.034448910e-03 1.131732182e-04
1721	2394	1	 3.948265929e-03 6.960694640e-05
1721	2395	1	 2.973119706e-03 3.946976863e-05
1721	2400	1	 8.657652797e-04 3.346879834e-06
1721	2401	1	 1.203114008e-03 6.463285745e-06
1721	2402	1	 1.190088168e-03 6.324090330e-06
1721	2403	1	 4.022325569e-04 7.224274326e-07
1721	2404	1	 6.610686350e-04 1.951339761e-06
1721	2405	1	 2.430939175e-03 2.638687591e-05
1721	2406	1	 1.390379412e-03 8.631900908e-06
1721	2407	1	 3.053522255e-03 4.163340861e-05
1721	2408	1	 4.750551492e-03 1.007692089e-04
1722	2400	1	 1.979197242e-03 1.749113307e-05
1722	2401	1	 2.150858539e-03 2.065682098e-05
1722	2402	1	 1.201630879e-03 6.447360433e-06
1722	2403	1	 2.716464317e-04 3.294942187e-07
1722	2404	1	 1.620603230e-03 1.172716916e-05
1722	2406	1	 2.149472719e-03 2.063021075e-05
1722	2408	1	 4.100612433e-03 7.508224296e-05
1723	2402	1	 4.287428176e-03 8.207927375e-05
1723	2403	1	 1.201868692e-03 6.449912670e-06
1724	2400	1	 3.090867103e-03 4.265799650e-05
1724	2401	1	 3.276726204e-03 4.794243610e-05
1724	2402	1	 3.740630302e-03 6.247832316e-05
1724	2403	1	 1.871585554e-03 1.564080706e-05
1724	2404	1	 1.201027577e-03 6.440888021e-06
1724	2405	1	 3.108128355e-03 4.313578247e-05
1724	2406	1	 1.836199500e-03 1.505495700e-05
1724	2407	1	 2.416231616e-03 2.606855238e-05
1725	2400	1	 2.486763654e-03 2.761269603e-05
1725	2401	1	 2.718830819e-03 3.300685597e-05
1725	2402	1	 4.694193629e-03 9.839245322e-05
1725	2403	1	 3.316814052e-03 4.912267846e-05
1725	2404	1	 7.102159740e-04 2.252271088e-06
1725	2405	1	 1.201840742e-03 6.449612672e-06
1725	2406	1	 1.438787439e-03 9.243428044e-06
1725	2407	1	 6.249947046e-04 1.744184670e-06
1726	2401	1	 4.293263476e-03 8.230284980e-05
1726	2402	1	 3.782431631e-03 6.388250877e-05
1726	2403	1	 1.958731770e-03 1.713127649e-05
1726	2404	1	 1.424342946e-03 9.058763631e-06
1726	2405	1	 4.112201772e-03 7.550724446e-05
1726	2406	1	 1.198940133e-03 6.418518321e-06
1726	2407	1	 2.929233948e-03 3.831315415e-05
1727	2404	1	 2.793331728e-03 3.484053525e-05
1727	2405	1	 3.323027324e-03 4.930689043e-05
1727	2406	1	 3.985833329e-03 7.093785599e-05
1727	2407	1	 1.201939798e-03 6.450675873e-06
1728	2400	1	 1.381612765e-03 8.523392021e-06
1728	2401	1	 1.024162389e-03 4.683574528e-06
1728	2402	1	 3.350911313e-04 5.013784428e-07
1728	2403	1	 4.835311791e-05 1.043971774e-08
1728	2404	1	 8.634859889e-04 3.329280444e-06
1728	2405	1	 4.621259638e-03 9.535874537e-05
1728	2406	1	 8.296281747e-04 3.073312871e-06
1728	2408	1	 1.199722151e-03 6.426894111e-06
1728	2409	1	 1.386278819e-03 8.581060526e-06
1728	2410	1	 4.199395357e-03 7.874324666e-05
1728	2412	1	 3.878663091e-03 6.717441680e-05
1728	2413	1	 3.664134768e-03 5.994909994e-05
1729	2400	1	 4.608449811e-03 9.483082172e-05
1729	2401	1	 3.179392447e-03 4.513651937e-05
1729	2402	1	 8.415977351e-04 3.162633784e-06
1729	2403	1	 1.575670640e-04 1.108589282e-07
1729	2404	1	 3.296692992e-03 4.852849240e-05
1729	2406	1	 2.409793714e-03 2.592982131e-05
1729	2408	1	 1.792135191e-03 1.434106239e-05
1729	2409	1	 1.199896523e-03 6.428762466e-06
1729	2410	1	 3.296821112e-03 4.853226441e-05
1729	2412	1	 2.996242274e-03 4.008608511e-05
1729	2413	1	 2.276704257e-03 2.314477850e-05
1729	2416	1	 4.454379613e-03 8.859602593e-05
1730	2401	1	 3.828740952e-03 6.545634582e-05
1730	2402	1	 9.314847155e-04 3.874282241e-06
1730	2403	1	 2.934073115e-04 3.843984729e-07
1730	2404	1	 3.441223358e-03 5.287684253e-05
1730	2406	1	 1.564072327e-03 1.092328975e-05
1730	2408	1	 1.293357255e-03 7.469246577e-06
1730	2409	1	 6.358679101e-04 1.805400699e-06
1730	2410	1	 1.196812076e-03 6.395753469e-06
1730	2411	1	 4.756950605e-03 1.010408692e-04
1730	2412	1	 2.275151577e-03 2.311322044e-05
1730	2413	1	 5.140947686e-04 1.180119968e-06
1730	2414	1	 1.958857180e-03 1.713347027e-05
1730	2415	1	 2.205854468e-03 2.172668672e-05
1730	2416	1	 8.188179500e-04 2.993742887e-06
1730	2417	1	 2.818623741e-03 3.547431360e-05
1731	2400	1	 4.702675417e-03 9.874833879e-05
1731	2401	1	 1.745620218e-03 1.360627725e-05
1731	2402	1	 3.015804921e-04 4.061124286e-07
1731	2403	1	 1.232579047e-04 6.783742454e-08
1731	2404	1	 1.714406024e-03 1.312402828e-05
1731	2406	1	 5.697473333e-04 1.449453849e-06
1731	2408	1	 3.039432492e-04 4.125007983e-07
1731	2409	1	 1.090915237e-04 5.314003123e-08
1731	2410	1	 2.029137493e-04 1.838496217e-07
1731	2411	1	 1.196691788e-03 6.394467893e-06
1731	2412	1	 7.155895324e-04 2.286481795e-06
1731	2413	1	 7.002254924e-05 2.189352165e-08
1731	2414	1	 4.878063516e-04 1.062514074e-06
1731	2415	1	 8.047805105e-04 2.891976040e-06
1731	2416	1	 3.575495986e-04 5.708373473e-07
1731	2417	1	 8.131486312e-04 2.952430344e-06
1731	2418	1	 3.828539238e-03 6.544944897e-05
1732	2400	1	 4.276469814e-03 8.166023239e-05
1732	2401	1	 3.467415092e-03 5.368481488e-05
1732	2402	1	 7.580008956e-04 2.565542581e-06
1732	2403	1	 1.233858373e-04 6.797831809e-08
1732	2406	1	 4.852273097e-03 1.051308708e-04
1732	2408	1	 1.447804968e-03 9.359656597e-06
1732	2409	1	 7.471570887e-04 2.492663372e-06
1732	2410	1	 2.826580478e-03 3.567487827e-05
1732	2412	1	 1.200696926e-03 6.437342062e-06
1732	2413	1	 2.480773073e-03 2.747981903e-05
1733	2402	1	 4.158722147e-03 7.722529928e-05
1733	2403	1	 1.809455263e-03 1.461959998e-05
1733	2406	1	 4.407686131e-03 8.674832779e-05
1733	2408	1	 5.014631958e-03 1.122840109e-04
1733	2409	1	 2.612677932e-03 3.047976004e-05
1733	2410	1	 3.318797093e-03 4.918143449e-05
1733	2413	1	 1.194437628e-03 6.370400583e-06
1733	2414	1	 2.825313666e-03 3.564290803e-05
1733	2415	1	 2.207671360e-03 2.176249262e-05
1733	2416	1	 6.079209760e-04 1.650190365e-06
1733	2417	1	 3.583549022e-03 5.734116198e-05
1734	2403	1	 4.764715490e-03 1.013710013e-04
1734	2409	1	 3.651293672e-03 5.952964855e-05
1734	2410	1	 2.990868172e-03 3.994241613e-05
1734	2413	1	 7.594758795e-04 2.575536806e-06
1734	2414	1	 1.191595916e-03 6.340124733e-06
1734	2415	1	 6.558077774e-04 1.920405385e-06
1734	2416	1	 1.136770007e-04 5.770122092e-08
1734	2417	1	 1.352118237e-03 8.163363413e-06
1734	2418	1	 2.758592926e-03 3.397934682e-05
1734	2419	1	 3.952548266e-03 6.975802137e-05
1735	2413	1	 2.766074458e-03 3.416390632e-05
1735	2414	1	 3.212305028e-03 4.607584883e-05
1735	2415	1	 1.189968655e-03 6.322820221e-06
1735	2416	1	 1.975800871e-04 1.743115380e-07
1735	2417	1	 4.107525962e-03 7.533562992e-05
1735	2418	1	 3.422202969e-03 5.229393433e-05
1735	2419	1	 3.186558798e-03 4.534022414e-05
1736	2415	1	 4.765042230e-03 1.013849048e-04
1736	2416	1	 1.190103920e-03 6.324257738e-06
1737	2406	1	 4.409147496e-03 8.680586002e-05
1737	2413	1	 1.583071408e-03 1.119027605e-05
1737	2414	1	 1.891923504e-03 1.598258177e-05
1737	2415	1	 1.406937263e-03 8.838717510e-06
1737	2416	1	 4.134951622e-04 7.634500982e-07
1737	2417	1	 1.190197458e-03 6.325251907e-06
1737	2418	1	 4.977729023e-03 1.106374841e-04
1738	2413	1	 2.505603015e-03 2.803266038e-05
1738	2414	1	 2.119481251e-03 2.005852287e-05
1738	2415	1	 4.782826780e-04 1.021431141e-06
1738	2416	1	 5.948461080e-05 1.579970719e-08
1738	2417	1	 3.164636290e-03 4.471851753e-05
1738	2418	1	 1.187162410e-03 6.293033783e-06
1738	2419	1	 7.925317406e-04 2.804614137e-06
1738	2420	1	 2.557123280e-03 2.919732888e-05
1738	2422	1	 1.996686741e-03 1.780162539e-05
1738	2426	1	 2.143467564e-03 2.051509922e-05
1738	2431	1	 3.034651126e-03 4.112039997e-05
1738	2432	1	 4.885324004e-03 1.065679310e-04
1738	2433	1	 4.183084791e-03 7.813275270e-05
1739	2415	1	 1.809211357e-03 1.461565895e-05
1739	2416	1	 4.250251626e-04 8.066201635e-07
1739	2418	1	 2.730322530e-03 3.328646649e-05
1739	2419	1	 1.185898967e-03 6.279646127e-06
1739	2420	1	 2.900383486e-03 3.756216683e-05
1739	2422	1	 2.270117359e-03 2.301104856e-05
1739	2426	1	 1.753256182e-03 1.372557500e-05
1739	2429	1	 3.407017510e-03 5.183087263e-05
1739	2431	1	 3.255740098e-03 4.733029884e-05
1739	2432	1	 4.827669306e-03 1.040674269e-04
1740	2415	1	 2.174173553e-03 2.110708246e-05
1740	2416	1	 7.346806869e-04 2.410110953e-06
1740	2418	1	 2.368675764e-03 2.505249721e-05
1740	2419	1	 7.660972779e-04 2.620641584e-06
1740	2420	1	 1.183217046e-03 6.251275293e-06
1740	2421	1	 4.640261392e-03 9.614455217e-05
1740	2422	1	 1.943551543e-03 1.686676969e-05
1740	2426	1	 4.231810569e-04 7.996357963e-07
1740	2427	1	 1.467706709e-03 9.618743605e-06
1740	2428	1	 1.547661353e-03 1.069526785e-05
1740	2429	1	 5.788645899e-04 1.496214149e-06
1740	2430	1	 1.942820421e-03 1.685408225e-05
1740	2431	1	 7.229543537e-04 2.333788764e-06
1740	2432	1	 1.123621094e-03 5.637409160e-06
1740	2433	1	 2.286606844e-03 2.334655405e-05
1741	2414	1	 4.425245396e-03 8.744087756e-05
1741	2415	1	 8.402724937e-04 3.152681396e-06
1741	2416	1	 3.351995501e-04 5.017029373e-07
1741	2418	1	 7.098498901e-04 2.249949801e-06
1741	2419	1	 1.598297705e-04 1.140657187e-07
1741	2420	1	 2.079880382e-04 1.931596932e-07
1741	2421	1	 1.182866867e-03 6.247575655e-06
1741	2422	1	 6.851414388e-04 2.096043350e-06
1741	2423	1	 2.840411642e-03 3.602486464e-05
1741	2424	1	 2.987642238e-03 3.985629925e-05
1741	2426	1	 5.112106020e-05 1.166915729e-08
1741	2427	1	 3.186809951e-04 4.534737151e-07
1741	2428	1	 5.010066299e-04 1.120796422e-06
1741	2429	1	 2.290149887e-04 2.341895996e-07
1741	2430	1	 4.889627137e-04 1.067557498e-06
1741	2431	1	 1.502620503e-04 1.008180772e-07
1741	2432	1	 4.351953557e-04 8.456843501e-07
1741	2433	1	 5.997954864e-04 1.606372188e-06
1741	2434	1	 2.503384834e-03 2.798304839e-05
1741	2439	1	 4.332309548e-03 8.380670181e-05
1742	2415	1	 2.398621250e-03 2.568994317e-05
1742	2416	1	 6.927757620e-04 2.143014745e-06
1742	2418	1	 3.001548492e-03 4.022819234e-05
1742	2419	1	 1.093706570e-03 5.341231871e-06
1742	2420	1	 3.246211087e-03 4.705364842e-05
1742	2422	1	 1.187501112e-03 6.296625150e-06
1742	2426	1	 2.316838456e-03 2.396797241e-05
1742	2429	1	 4.623690407e-03 9.545908858e-05
1743	2415	1	 1.617213050e-03 1.167815578e-05
1743	2416	1	 6.487688366e-04 1.879402286e-06
1743	2418	1	 1.323500158e-03 7.821459205e-06
1743	2419	1	 2.737493091e-04 3.346153450e-07
1743	2420	1	 9.297743618e-04 3.860067709e-06
1743	2421	1	 3.663071202e-03 5.991430289e-05
1743	2422	1	 1.918815307e-04 1.644016373e-07
1743	2423	1	 1.186953287e-03 6.290816894e-06
1743	2424	1	 1.219194000e-03 6.637207929e-06
1743	2425	1	 3.116322410e-03 4.336352267e-05
1743	2426	1	 6.719300431e-04 2.015987843e-06
1743	2427	1	 3.056376678e-03 4.171128254e-05
1743	2428	1	 3.052415488e-03 4.160323354e-05
1743	2429	1	 1.959074510e-03 1.713727231e-05
1743	2439	1	 2.973493744e-03 3.947970036e-05
1744	2416	1	 3.474803448e-03 5.391384148e-05
1744	2418	1	 4.489033612e-03 8.997989957e-05
1744	2419	1	 9.865492291e-04 4.345875822e-06
1744	2420	1	 1.675648100e-03 1.253734066e-05
1744	2422	1	 6.575713317e-04 1.930747723e-06
1744	2423	1	 2.056095993e-03 1.887672127e-05
1744	2424	1	 1.185192925e-03 6.272171000e-06
1744	2426	1	 8.342013732e-04 3.107288592e-06
1744	2427	1	 2.610462508e-03 3.042809126e-05
1744	2428	1	 1.600314658e-03 1.143537882e-05
1744	2429	1	 8.129753045e-04 2.951171828e-06
1744	2434	1	 3.521244695e-03 5.536460441e-05
1744	2435	1	 4.572290801e-03 9.334852880e-05
1744	2438	1	 3.547644972e-03 5.619790075e-05
1744	2439	1	 7.304504551e-04 2.382436410e-06
1745	2415	1	 1.799590324e-03 1.446062581e-05
1745	2416	1	 9.079498338e-04 3.680980329e-06
1745	2418	1	 1.425743569e-03 9.076588205e-06
1745	2419	1	 3.922214599e-04 6.869141986e-07
1745	2420	1	 1.689808962e-03 1.275014160e-05
1745	2421	1	 5.086115305e-03 1.155080342e-04
1745	2422	1	 1.077672000e-04 5.185766862e-08
1745	2423	1	 6.844997310e-04 2.092118854e-06
1745	2424	1	 9.171105083e-04 3.755632849e-06
1745	2425	1	 1.191064542e-03 6.334471427e-06
1745	2426	1	 1.930039871e-03 1.663306755e-05
1745	2439	1	 5.094085734e-03 1.158703422e-04
1746	2416	1	 3.574625454e-03 5.705594157e-05
1746	2419	1	 3.228714748e-03 4.654779839e-05
1746	2420	1	 3.614287294e-03 5.832908069e-05
1746	2426	1	 1.181380390e-03 6.231883197e-06
1746	2427	1	 2.430415840e-03 2.637551593e-05
1746	2428	1	 1.762321601e-03 1.386788139e-05
1746	2429	1	 4.684777284e-04 9.799810732e-07
1746	2430	1	 2.744873813e-03 3.364221312e-05
1746	2431	1	 1.254623233e-03 7.028561362e-06
1746	2432	1	 1.223535970e-03 6.684566871e-06
1746	2433	1	 4.599838169e-03 9.447673909e-05
1747	2419	1	 4.982089153e-03 1.108313899e-04
1747	2420	1	 3.729142174e-03 6.209514878e-05
1747	2426	1	 9.251493353e-04 3.821760540e-06
1747	2427	1	 1.179071751e-03 6.207550463e-06
1747	2428	1	 5.997732730e-04 1.606253206e-06
1747	2429	1	 9.374295204e-05 3.923891959e-08
1747	2430	1	 1.121007573e-03 5.611214655e-06
1747	2431	1	 6.474640156e-04 1.871850081e-06
1747	2432	1	 4.727439741e-04 9.979109615e-07
1747	2433	1	 3.472902318e-03 5.385486308e-05
1747	2434	1	 2.529247124e-03 2.856421672e-05
1747	2435	1	 3.463126386e-03 5.355209584e-05
1747	2439	1	 4.503737028e-03 9.057030664e-05
1747	2446	1	 2.983531496e-03 3.974669694e-05
1748	2426	1	 3.269168200e-03 4.772152585e-05
1748	2427	1	 3.333116072e-03 4.960673744e-05
1748	2428	1	 1.178158397e-03 6.197936977e-06
1748	2429	1	 1.901685490e-04 1.614794180e-07
1748	2430	1	 3.768602106e-03 6.341622157e-05
1748	2431	1	 3.285678801e-03 4.820476847e-05
1748	2432	1	 2.436641913e-03 2.651082301e-05
1748	2434	1	 3.288080081e-03 4.827525340e-05
1748	2435	1	 2.887206274e-03 3.722163236e-05
1748	2439	1	 3.682225170e-03 6.054251726e-05
1748	2446	1	 2.620067881e-03 3.065242765e-05
1749	2428	1	 4.765622455e-03 1.014095970e-04
1749	2429	1	 1.178049685e-03 6.196793220e-06
1750	2426	1	 2.186900228e-03 2.135490921e-05
1750	2427	1	 2.202873085e-03 2.166799582e-05
1750	2428	1	 1.573845323e-03 1.106022305e-05
1750	2429	1	 4.067011524e-04 7.385681847e-07
1750	2430	1	 1.177806315e-03 6.194233132e-06
1750	2431	1	 4.883578059e-04 1.064917729e-06
1750	2432	1	 1.427615553e-04 9.100438755e-08
1750	2433	1	 2.616646282e-03 3.057242069e-05
1750	2446	1	 3.567428067e-03 5.682641248e-05
1751	2429	1	 2.435154999e-03 2.647847745e-05
1751	2430	1	 3.722687237e-03 6.188036837e-05
1751	2431	1	 1.179123556e-03 6.208095956e-06
1751	2432	1	 3.590858709e-04 5.757532840e-07
1751	2433	1	 3.862870182e-03 6.662849693e-05
1752	2431	1	 4.276522769e-03 8.166225477e-05
1752	2432	1	 1.177670694e-03 6.192806719e-06
1753	2416	1	 4.292788711e-03 8.228464812e-05
1753	2426	1	 3.636939765e-03 5.906252456e-05
1753	2429	1	 3.573337964e-03 5.701484875e-05
1753	2430	1	 2.393036221e-03 2.557044782e-05
1753	2431	1	 4.502463810e-04 9.051910499e-07
1753	2432	1	 1.221265049e-04 6.659776368e-08
1753	2433	1	 1.180298043e-03 6.220469478e-06
1754	2426	1	 2.869969425e-03 3.677852686e-05
1754	2427	1	 2.309697031e-03 2.382044233e-05
1754	2428	1	 5.048341786e-04 1.137986971e-06
1754	2429	1	 6.413987408e-05 1.836944333e-08
1754	2430	1	 3.310208979e-03 4.892722835e-05
1754	2431	1	 4.214700822e-03 7.931828101e-05
1754	2432	1	 3.821204500e-03 6.519891232e-05
1754	2434	1	 1.177565559e-03 6.191701056e-06
1754	2435	1	 7.186226510e-04 2.305905971e-06
1754	2436	1	 2.432604572e-03 2.642304273e-05
1754	2438	1	 1.688848665e-03 1.273565423e-05
1754	2439	1	 1.115462173e-03 5.555836851e-06
1754	2440	1	 2.442704985e-03 2.664292039e-05
1754	2445	1	 2.562133187e-03 2.931184757e-05
1754	2446	1	 9.147566446e-04 3.736379110e-06
1755	2428	1	 1.992151070e-03 1.772084095e-05
1755	2429	1	 4.869829919e-04 1.058930304e-06
1755	2434	1	 2.866365334e-03 3.668621234e-05
1755	2435	1	 1.176869921e-03 6.184387814e-06
1755	2436	1	 2.920749677e-03 3.809153414e-05
1755	2438	1	 2.070205755e-03 1.913668960e-05
1755	2439	1	 1.651913609e-03 1.218468908e-05
1755	2440	1	 3.069657413e-03 4.207456241e-05
1755	2443	1	 4.001452790e-03 7.149491999e-05
1755	2445	1	 3.401117212e-03 5.165150591e-05
1755	2446	1	 1.596932692e-03 1.138709682e-05
1756	2428	1	 2.291222565e-03 2.344090340e-05
1756	2429	1	 7.469618443e-04 2.491360795e-06
1756	2434	1	 2.460197627e-03 2.702587604e-05
1756	2435	1	 7.429863978e-04 2.464912548e-06
1756	2436	1	 1.174919889e-03 6.163910168e-06
1756	2437	1	 3.135383444e-03 4.389561229e-05
1756	2438	1	 1.725022500e-03 1.328707290e-05
1756	2439	1	 2.273340342e-03 2.307643449e-05
1756	2440	1	 9.661320074e-04 4.167856236e-06
1756	2441	1	 2.829952683e-03 3.576005169e-05
1756	2442	1	 2.439586635e-03 2.657493926e-05
1756	2443	1	 7.359245277e-04 2.418278670e-06
1756	2444	1	 3.439861345e-03 5.283499421e-05
1756	2445	1	 9.318134084e-04 3.877016958e-06
1756	2446	1	 5.176206751e-04 1.196363128e-06
1756	2453	1	 4.704802940e-03 9.883770788e-05
1756	2455	1	 3.741261014e-03 6.249939401e-05
1757	2428	1	 2.630097090e-03 3.088754217e-05
1757	2429	1	 1.170533330e-03 6.117970212e-06
1757	2434	1	 1.986219529e-03 1.761547202e-05
1757	2435	1	 3.947787000e-04 6.959006063e-07
1757	2436	1	 4.986665454e-04 1.110350918e-06
1757	2437	1	 1.174859030e-03 6.163271629e-06
1757	2438	1	 7.624521006e-04 2.595762298e-06
1757	2439	1	 1.373969496e-03 8.429347762e-06
1757	2440	1	 5.355121412e-04 1.280496610e-06
1757	2441	1	 1.573454453e-03 1.105473004e-05
1757	2442	1	 9.958268357e-04 4.427998252e-06
1757	2443	1	 2.215357887e-04 2.191429891e-07
1757	2444	1	 2.736567636e-03 3.343891387e-05
1757	2445	1	 1.016470110e-03 4.613483956e-06
1757	2446	1	 5.138727410e-04 1.179100846e-06
1757	2447	1	 3.798328170e-03 6.442059898e-05
1757	2452	1	 4.636754009e-03 9.599926369e-05
1757	2453	1	 1.224798357e-03 6.698367639e-06
1757	2455	1	 8.728979283e-04 3.402253858e-06
1757	2457	1	 2.962626876e-03 3.919166427e-05
1757	2458	1	 4.089520041e-03 7.467658881e-05
1758	2428	1	 2.917137138e-03 3.799736513e-05
1758	2429	1	 9.589327126e-04 4.105972705e-06
1758	2434	1	 3.376072684e-03 5.089362268e-05
1758	2435	1	 1.204359530e-03 6.476674877e-06
1758	2436	1	 3.497736788e-03 5.462784132e-05
1758	2438	1	 1.178593961e-03 6.202520557e-06
1758	2439	1	 6.957430907e-04 2.161412177e-06
1758	2440	1	 5.228904215e-03 1.220846781e-04
1758	2446	1	 4.051218741e-03 7.328433914e-05
1758	2455	1	 4.890947725e-03 1.068134227e-04
1759	2428	1	 4.752469437e-03 1.008505927e-04
1759	2429	1	 1.628398902e-03 1.184026415e-05
1759	2435	1	 3.384166712e-03 5.113794695e-05
1759	2438	1	 2.867476568e-03 3.671466290e-05
1759	2439	1	 1.180549993e-03 6.223125444e-06
1760	2428	1	 3.924288962e-03 6.876409748e-05
1760	2429	1	 1.414708395e-03 8.936627394e-06
1760	2434	1	 4.648113859e-03 9.647022810e-05
1760	2435	1	 1.915955845e-03 1.639120123e-05
1760	2436	1	 2.180825046e-03 2.123642666e-05
1760	2438	1	 5.161984272e-03 1.189797751e-04
1760	2440	1	 1.173366724e-03 6.147624388e-06
1760	2441	1	 2.610719114e-03 3.043407365e-05
1760	2442	1	 2.395809786e-03 2.562975525e-05
1760	2443	1	 7.512286383e-04 2.519904378e-06
1760	2444	1	 2.115507645e-03 1.998338189e-05
1760	2445	1	 4.338013591e-04 8.402753168e-07
1760	2446	1	 4.376159625e-04 8.551181009e-07
1761	2429	1	 3.801925478e-03 6.454267924e-05
1761	2435	1	 2.997549153e-03 4.012106163e-05
1761	2436	1	 2.104690564e-03 1.977954503e-05
1761	2437	1	 4.857627970e-03 1.053630396e-04
1761	2440	1	 8.300212033e-04 3.076225467e-06
1761	2441	1	 1.173039560e-03 6.144196652e-06
1761	2442	1	 8.192184447e-04 2.996672162e-06
1761	2443	1	 1.971992931e-04 1.736402879e-07
1761	2444	1	 7.582533669e-04 2.567251903e-06
1761	2445	1	 1.730475441e-04 1.337120878e-07
1761	2446	1	 3.809311800e-04 6.479370789e-07
1761	2447	1	 3.347983247e-03 5.005026046e-05
1762	2436	1	 4.615036536e-03 9.510209342e-05
1762	2440	1	 2.502145912e-03 2.795535768e-05
1762	2441	1	 2.727258019e-03 3.321178703e-05
1762	2442	1	 1.172619034e-03 6.139792143e-06
1762	2443	1	 2.253032784e-04 2.266599624e-07
1762	2444	1	 2.392529462e-03 2.555961917e-05
1762	2445	1	 1.096356369e-03 5.367144367e-06
1762	2446	1	 1.975437900e-03 1.742474990e-05
1762	2447	1	 3.569185897e-03 5.688242807e-05
1762	2448	1	 3.789271727e-03 6.411376611e-05
1762	2453	1	 4.267385981e-03 8.131368482e-05
1763	2442	1	 4.463400672e-03 8.895524060e-05
1763	2443	1	 1.173039560e-03 6.144196652e-06
1763	2445	1	 3.962520079e-03 7.011044790e-05
1764	2440	1	 2.536324608e-03 2.872430044e-05
1764	2441	1	 2.885704227e-03 3.718291389e-05
1764	2442	1	 2.645282323e-03 3.124523887e-05
1764	2443	1	 1.081948149e-03 5.227002242e-06
1764	2444	1	 1.171903165e-03 6.132297901e-06
1764	2445	1	 2.677897504e-04 3.202046915e-07
1764	2446	1	 9.261365275e-04 3.829921006e-06
1765	2443	1	 4.358246029e-03 8.481316613e-05
1765	2444	1	 4.733760795e-03 1.000581357e-04
1765	2445	1	 1.172880665e-03 6.142532230e-06
1765	2446	1	 2.332072366e-03 2.428420193e-05
1766	2429	1	 2.061946746e-03 1.898430396e-05
1766	2440	1	 3.790964581e-03 6.417106447e-05
1766	2443	1	 3.672060767e-03 6.020873585e-05
1766	2444	1	 4.800957600e-03 1.029189936e-04
1766	2445	1	 1.003003783e-03 4.492053625e-06
1766	2446	1	 1.173349190e-03 6.147440659e-06
1767	2436	1	 3.966148569e-03 7.023890730e-05
1767	2440	1	 2.150685068e-03 2.065348909e-05
1767	2441	1	 1.649750042e-03 1.215279258e-05
1767	2442	1	 4.234491821e-04 8.006494073e-07
1767	2443	1	 5.929362315e-05 1.569841361e-08
1767	2444	1	 1.720640063e-03 1.321964677e-05
1767	2445	1	 1.249876921e-03 6.975483041e-06
1767	2446	1	 2.458439323e-03 2.698725903e-05
1767	2447	1	 1.171945920e-03 6.132745355e-06
1767	2448	1	 9.621242095e-04 4.133348987e-06
1767	2449	1	 2.134273714e-03 2.033948822e-05
1767	2451	1	 3.555591449e-03 5.644994144e-05
1767	2452	1	 3.007257114e-03 4.038135722e-05
1767	2453	1	 1.799096608e-03 1.445269239e-05
1767	2455	1	 2.927413452e-03 3.826554630e-05
1767	2459	1	 2.044744969e-03 1.866887236e-05
1767	2463	1	 4.664650263e-03 9.715786549e-05
1768	2442	1	 1.401654751e-03 8.772470101e-06
1768	2443	1	 3.178527898e-04 4.511197540e-07
1768	2447	1	 2.331720449e-03 2.427687336e-05
1768	2448	1	 1.171763819e-03 6.130839657e-06
1768	2449	1	 2.091079272e-03 1.952453880e-05
1768	2451	1	 3.493602887e-03 5.449879067e-05
1768	2452	1	 2.729777962e-03 3.327318972e-05
1768	2453	1	 2.229417693e-03 2.219334052e-05
1768	2454	1	 4.643265045e-03 9.626906169e-05
1768	2455	1	 3.291290006e-03 4.836955498e-05
1768	2459	1	 1.308496594e-03 7.645131898e-06
1768	2460	1	 3.819847506e-03 6.515261339e-05
1768	2462	1	 4.416402728e-03 8.709177235e-05
1768	2463	1	 3.104141028e-03 4.302517820e-05
1769	2442	1	 2.332251390e-03 2.428793046e-05
1769	2443	1	 8.492158434e-04 3.220148987e-06
1769	2447	1	 2.775882830e-03 3.440662317e-05
1769	2448	1	 1.165656340e-03 6.067095761e-06
1769	2449	1	 1.170152260e-03 6.113987423e-06
1769	2450	1	 3.554865582e-03 5.642689551e-05
1769	2451	1	 4.012881279e-03 7.190389430e-05
1769	2452	1	 4.539850933e-03 9.202863397e-05
1769	2453	1	 5.154652482e-03 1.186420308e-04
1769	2459	1	 4.789026053e-04 1.024080718e-06
1769	2460	1	 1.122196397e-03 5.623122303e-06
1769	2461	1	 1.873738706e-03 1.567681546e-05
1769	2462	1	 1.101197353e-03 5.414646479e-06
1769	2463	1	 6.336732548e-04 1.792959768e-06
1769	2464	1	 2.902215414e-03 3.760963152e-05
1770	2441	1	 4.802440021e-03 1.029825613e-04
1770	2442	1	 1.219549991e-03 6.641084475e-06
1770	2443	1	 5.562049398e-04 1.381368260e-06
1770	2444	1	 4.286109438e-03 8.202878922e-05
1770	2447	1	 1.279043287e-03 7.304832724e-06
1770	2448	1	 5.508908967e-04 1.355098864e-06
1770	2449	1	 3.840385716e-04 6.585511025e-07
1770	2450	1	 1.169357948e-03 6.105689762e-06
1770	2451	1	 2.734131727e-03 3.337941022e-05
1770	2452	1	 4.290953005e-03 8.221428912e-05
1770	2459	1	 1.577673090e-04 1.111408786e-07
1770	2460	1	 3.782408995e-04 6.388174413e-07
1770	2461	1	 1.054227758e-03 4.962593288e-06
1770	2462	1	 7.692730896e-04 2.642414053e-06
1770	2463	1	 1.397217622e-04 8.717017108e-08
1770	2464	1	 7.912260020e-04 2.795380246e-06
1770	2465	1	 3.969166268e-03 7.034583247e-05
1771	2442	1	 1.151433731e-03 5.919945182e-06
1771	2443	1	 2.666234091e-04 3.174215032e-07
1771	2447	1	 1.564211834e-03 1.092523844e-05
1771	2448	1	 5.460182560e-04 1.331233128e-06
1771	2449	1	 1.406434045e-03 8.832395972e-06
1771	2450	1	 5.147108655e-03 1.182950200e-04
1771	2451	1	 1.173043099e-03 6.144233718e-06
1771	2452	1	 5.984054298e-04 1.598935117e-06
1771	2453	1	 5.277301625e-04 1.243551065e-06
1771	2454	1	 9.102442045e-04 3.699607359e-06
1771	2455	1	 7.409360705e-04 2.451327093e-06
1771	2456	1	 1.208406519e-03 6.520274940e-06
1771	2457	1	 1.099028769e-03 5.393341394e-06
1771	2458	1	 2.754975864e-03 3.389029791e-05
1771	2459	1	 8.686826908e-04 3.369474124e-06
1771	2460	1	 3.352388845e-03 5.018206901e-05
1771	2461	1	 4.521693435e-03 9.129395431e-05
1771	2462	1	 3.799477963e-03 6.445960643e-05
1771	2463	1	 4.222672708e-03 7.961861754e-05
1772	2442	1	 3.385068006e-03 5.116518937e-05
1772	2443	1	 9.177073880e-04 3.760522969e-06
1772	2447	1	 5.047126834e-03 1.137439293e-04
1772	2448	1	 2.407260249e-03 2.587532889e-05
1772	2451	1	 3.296586335e-03 4.852535239e-05
1772	2452	1	 1.174802843e-03 6.162682126e-06
1772	2453	1	 7.634427188e-04 2.602511783e-06
1772	2454	1	 1.258270766e-03 7.069488673e-06
1772	2455	1	 5.286813513e-04 1.248037896e-06
1772	2456	1	 9.242200554e-04 3.814086748e-06
1772	2457	1	 5.887488348e-04 1.547746786e-06
1772	2458	1	 1.020727309e-03 4.652209444e-06
1772	2459	1	 4.469681339e-03 8.920576319e-05
1773	2442	1	 3.820891373e-03 6.518822737e-05
1773	2443	1	 9.553667136e-04 4.075491589e-06
1773	2448	1	 4.981903564e-03 1.108231328e-04
1773	2452	1	 2.640843569e-03 3.114046853e-05
1773	2453	1	 1.175738624e-03 6.172503717e-06
1773	2454	1	 3.349645252e-03 5.009996469e-05
1773	2455	1	 6.279488488e-04 1.760712011e-06
1773	2456	1	 2.187340239e-03 2.136350343e-05
1773	2457	1	 9.346151889e-04 3.900366872e-06
1773	2458	1	 1.170819066e-03 6.120957463e-06
1774	2443	1	 3.787691809e-03 6.406031344e-05
1774	2452	1	 1.803907757e-03 1.453009460e-05
1774	2453	1	 1.566772163e-03 1.096103295e-05
1774	2454	1	 1.175729120e-03 6.172403932e-06
1774	2455	1	 8.821987073e-04 3.475142548e-06
1774	2456	1	 6.192978646e-04 1.712533023e-06
1774	2457	1	 5.202524149e-04 1.208559396e-06
1774	2458	1	 6.713917347e-04 2.012758969e-06
1775	2443	1	 3.883874895e-03 6.735506417e-05
1775	2453	1	 2.981463611e-03 3.969161919e-05
1775	2455	1	 1.176047439e-03 6.175746637e-06
1775	2456	1	 3.394331412e-03 5.144560468e-05
1775	2457	1	 1.288662314e-03 7.415117642e-06
1775	2458	1	 9.433802012e-04 3.973866788e-06
1776	2452	1	 4.894399558e-03 1.069642451e-04
1776	2453	1	 3.690036692e-03 6.079966114e-05
1776	2454	1	 3.002195433e-03 4.024553543e-05
1776	2455	1	 1.556068129e-03 1.081177514e-05
1776	2456	1	 1.177544113e-03 6.191475534e-06
1776	2457	1	 7.652990069e-04 2.615183029e-06
1776	2458	1	 5.174679970e-04 1.195657470e-06
1777	2453	1	 4.762588361e-03 1.012805106e-04
1777	2455	1	 1.753032069e-03 1.372206624e-05
1777	2456	1	 2.629646373e-03 3.087695673e-05
1777	2457	1	 1.176865891e-03 6.184345464e-06
1777	2458	1	 6.249842402e-04 1.744126264e-06
1778	2455	1	 4.737127266e-03 1.002005014e-04
1778	2457	1	 2.987330600e-03 3.984798494e-05
1778	2458	1	 1.178780479e-03 6.204483871e-06
1779	2443	1	 3.909752391e-03 6.825560139e-05
1779	2448	1	 3.917653450e-03 6.853175005e-05
1779	2449	1	 3.339380369e-03 4.979337563e-05
1779	2459	1	 1.169810604e-03 6.110417674e-06
1779	2460	1	 1.786340011e-03 1.424846373e-05
1779	2461	1	 1.907423783e-03 1.624554092e-05
1779	2462	1	 7.517446119e-04 2.523367108e-06
1779	2463	1	 9.880633862e-04 4.359226172e-06
1779	2464	1	 4.304715773e-03 8.274252177e-05
1780	2449	1	 4.404995172e-03 8.664243779e-05
1780	2459	1	 1.324059064e-03 7.828066506e-06
1780	2460	1	 1.168487636e-03 6.096604645e-06
1780	2461	1	 1.007295684e-03 4.530579294e-06
1780	2462	1	 2.553299812e-04 2.911008116e-07
1780	2463	1	 4.443402630e-04 8.815990738e-07
1780	2464	1	 2.073923261e-03 1.920547951e-05
1780	2465	1	 3.854284016e-03 6.633263011e-05
1781	2459	1	 3.016342684e-03 4.062572734e-05
1781	2460	1	 2.342758320e-03 2.450726053e-05
1781	2461	1	 1.168912469e-03 6.101038596e-06
1781	2462	1	 2.152604114e-04 2.069036354e-07
1781	2463	1	 1.394200770e-03 8.679414435e-06
1781	2464	1	 5.206336065e-03 1.210331080e-04
1781	2465	1	 3.591761974e-03 5.760429772e-05
1782	2461	1	 4.550574317e-03 9.246390108e-05
1782	2462	1	 1.168647418e-03 6.098272085e-06
1782	2463	1	 4.966538022e-03 1.101405698e-04
1783	2459	1	 4.836043940e-03 1.044287948e-04
1783	2460	1	 3.860291607e-03 6.653957381e-05
1783	2461	1	 4.043430435e-03 7.300283757e-05
1783	2462	1	 1.411040817e-03 8.890351724e-06
1783	2463	1	 1.167458710e-03 6.085872491e-06
1783	2464	1	 3.299686736e-03 4.861667035e-05
1784	2459	1	 4.458441482e-03 8.875767782e-05
1784	2460	1	 2.752030935e-03 3.381788263e-05
1784	2461	1	 3.547452920e-03 5.619181635e-05
1784	2462	1	 1.432300894e-03 9.160270866e-06
1784	2463	1	 5.325010512e-04 1.266137083e-06
1784	2464	1	 1.166442085e-03 6.075277926e-06
1785	2459	1	 1.824521166e-03 1.486406520e-05
1785	2460	1	 1.284774417e-03 7.370442291e-06
1785	2461	1	 3.825630834e-04 6.535004755e-07
1785	2462	1	 4.475832463e-05 8.945146001e-09
1785	2463	1	 1.126765620e-03 5.669006618e-06
1785	2464	1	 4.601855753e-03 9.455963616e-05
1785	2465	1	 1.169427765e-03 6.106418868e-06
1786	2463	1	 2.677634850e-03 3.201418817e-05
1786	2464	1	 7.633283404e-04 2.601732029e-06
1787	2463	1	 3.707885857e-03 6.138927472e-05
1787	2464	1	 1.523236258e-03 1.036034761e-05
1788	2463	1	 1.760039255e-03 1.383198464e-05
1788	2464	1	 7.254145618e-04 2.349699520e-06
1789	2450	1	 4.357163539e-03 8.477103998e-05
1789	2460	1	 4.013533833e-03 7.192728150e-05
1789	2463	1	 8.649253030e-04 3.340388612e-06
1789	2464	1	 2.354590078e-04 2.475542627e-07
1798	2463	1	 3.183723074e-03 4.525956335e-05
1798	2464	1	 2.032884874e-03 1.845293102e-05
1799	2444	1	 4.190191404e-03 7.839845657e-05
1799	2463	1	 3.303497855e-03 4.872903916e-05
1799	2464	1	 2.609028458e-03 3.039466926e-05
1800	2445	1	 5.123587871e-03 1.172163429e-04
1802	2442	1	 4.712193563e-03 9.914847372e-05
1802	2443	1	 3.491966149e-03 5.444773771e-05
1802	2444	1	 2.830074191e-03 3.576312259e-05
1802	2445	1	 3.253497461e-03 4.726511664e-05
1802	2459	1	 4.905148006e-03 1.074345631e-04
1802	2463	1	 1.539092147e-03 1.057715903e-05
1802	2464	1	 1.922263530e-03 1.649930468e-05
1803	2443	1	 4.786779330e-03 1.023120069e-04
1803	2449	1	 3.161486527e-03 4.462954513e-05
1803	2450	1	 4.085383941e-03 7.452561088e-05
1803	2459	1	 2.157810823e-03 2.079057611e-05
1803	2460	1	 1.969482571e-03 1.731984788e-05
1803	2462	1	 4.020646406e-03 7.218243885e-05
1803	2463	1	 3.261204045e-04 4.748929632e-07
1803	2464	1	 5.115630214e-04 1.168525185e-06
1804	2440	1	 3.791884685e-03 6.420221811e-05
1804	2441	1	 1.482972627e-03 9.819877249e-06
1804	2442	1	 8.512939605e-04 3.235928331e-06
1804	2443	1	 6.081066355e-04 1.651198458e-06
1804	2444	1	 4.351682022e-04 8.455788223e-07
1804	2445	1	 5.654183483e-04 1.427511399e-06
1804	2446	1	 3.077871859e-03 4.230004792e-05
1804	2447	1	 1.585057557e-03 1.121837269e-05
1804	2448	1	 2.257443505e-03 2.275482871e-05
1804	2449	1	 1.973181579e-03 1.738496796e-05
1804	2450	1	 2.489242632e-03 2.766777596e-05
1804	2459	1	 2.479858190e-03 2.745955422e-05
1804	2460	1	 4.142419419e-03 7.662101975e-05
1804	2463	1	 1.517841257e-03 1.028708898e-05
1804	2464	1	 2.199272954e-03 2.159723016e-05
1805	2444	1	 2.731155339e-03 3.330677582e-05
1805	2445	1	 2.314870290e-03 2.392726788e-05
1806	2445	1	 3.782109394e-03 6.387162453e-05
1807	2444	1	 2.909407321e-03 3.779626143e-05
1807	2445	1	 1.368529782e-03 8.362734242e-06
1807	2446	1	 5.093693180e-03 1.158524847e-04
1808	2444	1	 1.047509163e-03 4.899541621e-06
1808	2445	1	 5.265595415e-04 1.238040247e-06
1808	2446	1	 2.322559698e-03 2.408649245e-05
1813	2445	1	 2.411347511e-03 2.596327039e-05
1814	2432	1	 1.434579658e-03 9.189441686e-06
1814	2445	1	 2.026412580e-03 1.833561728e-05
1814	2446	1	 4.188361396e-03 7.832999265e-05
1815	2432	1	 1.826985974e-03 1.490425307e-05
1816	2432	1	 4.702982267e-03 9.876122588e-05
1817	2429	1	 3.579466869e-03 5.721059753e-05
1817	2430	1	 4.395976178e-03 8.628800941e-05
1817	2431	1	 3.975201179e-03 7.055990943e-05
1817	2432	1	 9.098138857e-04 3.696110200e-06
1817	2444	1	 4.195044443e-03 7.858016240e-05
1817	2445	1	 8.812844648e-04 3.467943543e-06
1817	2446	1	 1.580958970e-03 1.116043154e-05
1818	2432	1	 1.190168064e-03 6.324939489e-06
1819	2432	1	 2.899049736e-03 3.752762860e-05
1820	2432	1	 1.676688078e-03 1.255290790e-05
1821	2431	1	 4.093907968e-03 7.483692607e-05
1821	2432	1	 9.841504840e-04 4.324767956e-06
1821	2433	1	 3.685662205e-03 6.065559229e-05
1823	2432	1	 3.156109130e-03 4.447785277e-05
1824	2432	1	 3.919410925e-03 6.859325107e-05
1827	2432	1	 2.207132781e-03 2.175187566e-05
1827	2433	1	 4.367489212e-03 8.517329950e-05
1840	2407	1	 2.857199000e-03 3.645195023e-05
1841	2407	1	 4.901237168e-03 1.072633178e-04
1842	2407	1	 4.319090057e-03 8.329603114e-05
1843	2404	1	 4.152544316e-03 7.699603152e-05
1843	2405	1	 3.865663599e-03 6.672489594e-05
1843	2406	1	 2.629794035e-03 3.088042449e-05
1843	2407	1	 8.568212153e-04 3.278085013e-06
1844	2404	1	 2.515831868e-03 2.826200818e-05
1844	2405	1	 2.919775959e-03 3.806614051e-05
1844	2406	1	 9.931813067e-04 4.404502526e-06
1844	2407	1	 7.926980623e-04 2.805791420e-06
1856	2388	1	 4.471538234e-03 8.927989827e-05
1857	2386	1	 5.174148569e-03 1.195411912e-04
1857	2388	1	 1.664034052e-03 1.236414838e-05
1857	2390	1	 2.960508141e-03 3.913562817e-05
1858	2388	1	 3.583983822e-03 5.735507748e-05
1858	2407	1	 1.762103045e-03 1.386444192e-05
1859	2385	1	 1.454268228e-03 9.443409478e-06
1859	2386	1	 1.344838795e-03 8.075701310e-06
1859	2388	1	 3.275050156e-04 4.789340346e-07
1859	2390	1	 8.478709564e-04 3.209957685e-06
1859	2391	1	 4.262128343e-03 8.111344299e-05
1860	2385	1	 3.196356682e-03 4.561947284e-05
1860	2386	1	 4.961189197e-03 1.099034608e-04
1860	2388	1	 2.726963915e-03 3.320462439e-05
1860	2404	1	 3.662252792e-03 5.988753356e-05
1860	2405	1	 1.522474112e-03 1.034998268e-05
1860	2407	1	 2.887497135e-04 3.722913225e-07
1861	2381	1	 2.494325470e-03 2.778088217e-05
1861	2382	1	 1.756363352e-03 1.377426783e-05
1861	2383	1	 2.501004642e-03 2.792986170e-05
1861	2384	1	 3.183496827e-03 4.525313096e-05
1861	2385	1	 3.177026979e-04 4.506938122e-07
1861	2386	1	 4.863697918e-04 1.056265211e-06
1861	2387	1	 2.789238507e-03 3.473850259e-05
1861	2388	1	 1.680357101e-04 1.260790597e-07
1861	2390	1	 8.086921833e-04 2.920157529e-06
1861	2391	1	 3.722535458e-03 6.187532258e-05
1861	2393	1	 4.250082063e-03 8.065558049e-05
1861	2405	1	 4.092282938e-03 7.477752651e-05
1861	2407	1	 1.924893444e-03 1.654448209e-05
1862	2382	1	 2.929833447e-03 3.832883816e-05
1862	2383	1	 3.028190520e-03 4.094550019e-05
1862	2384	1	 4.097749886e-03 7.497745302e-05
1862	2385	1	 6.219845133e-04 1.727423933e-06
1862	2386	1	 1.289768461e-03 7.427852916e-06
1862	2388	1	 7.450416924e-04 2.478568595e-06
1862	2390	1	 2.776375813e-03 3.441884515e-05
1862	2393	1	 3.727167786e-03 6.202941385e-05
1862	2404	1	 2.663276828e-03 3.167177552e-05
1862	2405	1	 1.031390835e-03 4.749920332e-06
1862	2407	1	 3.149235717e-04 4.428433490e-07
1863	2381	1	 3.749474047e-03 6.277409977e-05
1863	2382	1	 1.418205630e-03 8.980865652e-06
1863	2383	1	 1.053853801e-03 4.959073239e-06
1863	2384	1	 1.669941502e-03 1.245209157e-05
1863	2385	1	 3.127207034e-04 4.366697005e-07
1863	2386	1	 1.145869422e-03 5.862867108e-06
1863	2387	1	 4.783802357e-03 1.021847876e-04
1863	2388	1	 1.136545538e-03 5.767843555e-06
1863	2390	1	 4.613615379e-03 9.504353083e-05
1863	2393	1	 1.004136076e-03 4.502201522e-06
1863	2394	1	 1.717915727e-03 1.317781787e-05
1863	2395	1	 1.139644860e-03 5.799343882e-06
1863	2396	1	 1.402584377e-03 8.784110365e-06
1863	2400	1	 1.302004439e-03 7.569456885e-06
1863	2401	1	 1.959466651e-03 1.714413361e-05
1863	2404	1	 5.945151517e-04 1.578213102e-06
1863	2405	1	 1.721316178e-04 1.323003798e-07
1863	2406	1	 2.481566791e-03 2.749740605e-05
1863	2407	1	 6.958137611e-05 2.161851292e-08
1866	2390	1	 4.936120606e-03 1.087955957e-04
1867	2390	1	 4.646506742e-03 9.640352916e-05
1867	2392	1	 3.819533746e-03 6.514191067e-05
1870	2390	1	 4.037674591e-03 7.279514564e-05
1871	2462	1	 1.752044602e-03 1.370661156e-05
1872	2461	1	 5.204114180e-03 1.209298246e-04
1872	2462	1	 1.684791629e-03 1.267453928e-05
1875	2462	1	 2.312653137e-03 2.388145538e-05
1876	2461	1	 3.094798224e-03 4.276657468e-05
1876	2462	1	 8.476382047e-04 3.208195577e-06
1876	2465	1	 5.224416899e-03 1.218752279e-04
1877	2460	1	 2.136505842e-03 2.038205453e-05
1877	2461	1	 5.558056364e-04 1.379385584e-06
1877	2462	1	 9.816795961e-05 4.303078992e-08
1877	2463	1	 1.466639512e-03 9.604760759e-06
1877	2464	1	 3.063517770e-03 4.190642348e-05
1877	2465	1	 1.195461658e-03 6.381328365e-06
1878	2462	1	 2.574907146e-03 2.960485475e-05
1879	2459	1	 3.494181211e-03 5.451683539e-05
1879	2460	1	 9.643310757e-04 4.152332419e-06
1879	2461	1	 3.698125844e-04 6.106651854e-07
1879	2462	1	 6.865134405e-05 2.104446446e-08
1879	2463	1	 3.762572019e-04 6.321344114e-07
1879	2464	1	 7.823237313e-04 2.732831146e-06
1879	2465	1	 1.178220338e-03 6.198588691e-06
1880	2462	1	 2.309474445e-03 2.381585140e-05
1880	2463	1	 4.718168091e-03 9.940005117e-05
1881	2460	1	 3.118096948e-03 4.341292202e-05
1881	2461	1	 1.927958250e-03 1.659720811e-05
1881	2462	1	 5.915104830e-04 1.562300894e-06
1881	2463	1	 9.795037091e-04 4.284024634e-06
1881	2464	1	 1.406373239e-03 8.831632260e-06
1881	2465	1	 5.110556076e-03 1.166208240e-04
1882	2460	1	 2.963404843e-03 3.921224996e-05
1882	2461	1	 2.829885855e-03 3.575836280e-05
1882	2462	1	 1.196866681e-03 6.396337101e-06
1882	2463	1	 6.250138368e-04 1.744291457e-06
1882	2464	1	 6.491003834e-04 1.881323676e-06
2381	2541	1	 4.935366084e-03 1.087623379e-04
2381	3061	1	 1.221593864e-03 6.663363028e-06
2381	3062	1	 4.433956631e-03 8.778547665e-05
2381	3064	1	 2.410930206e-03 2.595428480e-05
2382	2539	1	 2.150367785e-03 2.064739566e-05
2382	2541	1	 1.296782459e-03 7.508860645e-06
2382	2542	1	 3.794509397e-03 6.429112940e-05
2382	2543	1	 4.369726973e-03 8.526060196e-05
2382	3061	1	 3.531671703e-04 5.569297801e-07
2382	3062	1	 1.220226185e-03 6.648450972e-06
2382	3063	1	 1.316997346e-03 7.744788977e-06
2382	3064	1	 4.957798480e-04 1.097532855e-06
2382	3065	1	 1.479946657e-03 9.779843691e-06
2382	3066	1	 2.691112954e-03 3.233729163e-05
2382	3068	1	 2.458470931e-03 2.698795297e-05
2382	3073	1	 5.107637585e-03 1.164876645e-04
2383	2539	1	 4.559721167e-03 9.283598748e-05
2383	2541	1	 2.376776083e-03 2.522413760e-05
2383	2542	1	 4.661229051e-03 9.701540003e-05
2383	2543	1	 4.271603655e-03 8.147449711e-05
2383	3061	1	 9.438922762e-04 3.978182057e-06
2383	3062	1	 2.026184740e-03 1.833149439e-05
2383	3063	1	 1.217966141e-03 6.623845895e-06
2383	3064	1	 3.008950970e-04 4.042686013e-07
2383	3065	1	 2.844767265e-03 3.613543387e-05
2383	3073	1	 4.152933590e-03 7.701046795e-05
2384	3061	1	 3.443503632e-03 5.294694179e-05
2384	3063	1	 4.195351361e-03 7.859166101e-05
2384	3064	1	 1.218619148e-03 6.630950490e-06
2385	2536	1	 3.688799998e-03 6.075891468e-05
2385	2537	1	 1.556200945e-03 1.081362088e-05
2385	2538	1	 3.831574542e-03 6.555326808e-05
2385	2539	1	 3.074272777e-04 4.220117941e-07
2385	2540	1	 3.381912713e-03 5.106984953e-05
2385	2541	1	 2.230135813e-04 2.220764026e-07
2385	2542	1	 1.060407591e-03 5.020944790e-06
2385	2543	1	 1.842086968e-03 1.515165420e-05
2385	3061	1	 8.166486397e-04 2.977901138e-06
2385	3062	1	 1.830966182e-03 1.496926358e-05
2385	3063	1	 2.327509095e-03 2.418925891e-05
2385	3064	1	 1.324114161e-03 7.828718008e-06
2385	3065	1	 1.217425141e-03 6.617962808e-06
2385	3066	1	 1.863185829e-03 1.550072939e-05
2385	3068	1	 1.103159126e-03 5.433955954e-06
2385	3070	1	 3.158563285e-03 4.454705062e-05
2386	2536	1	 2.203866417e-03 2.168754154e-05
2386	2537	1	 1.201324300e-03 6.444070957e-06
2386	2538	1	 4.099178215e-03 7.502973106e-05
2386	2539	1	 2.026589071e-04 1.833881133e-07
2386	2540	1	 4.670380110e-03 9.739670078e-05
2386	2541	1	 2.788378281e-04 3.471707856e-07
2386	2542	1	 1.709111472e-03 1.304309232e-05
2386	2543	1	 3.621413195e-03 5.855930975e-05
2386	3061	1	 1.036587560e-03 4.797906441e-06
2386	3062	1	 2.612754187e-03 3.048153928e-05
2386	3063	1	 4.925602798e-03 1.083324498e-04
2386	3064	1	 3.821124980e-03 6.519619874e-05
2386	3065	1	 1.432344256e-03 9.160825510e-06
2386	3066	1	 1.219461523e-03 6.640121003e-06
2386	3067	1	 4.142527953e-03 7.662503482e-05
2386	3068	1	 4.482874527e-04 8.973315889e-07
2386	3070	1	 9.914071432e-04 4.388780667e-06
2386	3071	1	 3.615583920e-03 5.837093931e-05
2387	2536	1	 4.983353392e-03 1.108876454e-04
2387	2537	1	 2.827450384e-03 3.569684019e-05
2387	2539	1	 5.428013989e-04 1.315593461e-06
2387	2541	1	 5.714859118e-04 1.458313335e-06
2387	2542	1	 3.004900351e-03 4.031808894e-05
2387	2543	1	 5.192130133e-03 1.203735108e-04
2387	3061	1	 3.366941151e-04 5.061868293e-07
2387	3062	1	 1.212204122e-03 6.561321260e-06
2387	3063	1	 3.456640457e-03 5.335169320e-05
2387	3064	1	 3.214067003e-03 4.612640862e-05
2387	3065	1	 6.901017421e-04 2.126503183e-06
2387	3066	1	 3.699285920e-04 6.110483682e-07
2387	3067	1	 1.222309163e-03 6.671168724e-06
2387	3068	1	 1.255004080e-04 7.032829121e-08
2387	3069	1	 1.757903360e-03 1.379843341e-05
2387	3070	1	 2.574573105e-04 2.959717403e-07
2387	3071	1	 9.677518191e-04 4.181843562e-06
2387	3072	1	 2.741176708e-03 3.355164791e-05
2388	2533	1	 4.397821531e-03 8.636046898e-05
2388	2536	1	 8.604868252e-04 3.306193291e-06
2388	2537	1	 7.511242054e-04 2.519203812e-06
2388	2538	1	 3.380615252e-03 5.103067144e-05
2388	2539	1	 1.803646283e-04 1.452588267e-07
2388	2541	1	 5.320470928e-04 1.263979233e-06
2388	2542	1	 2.761663784e-03 3.405504034e-05
2388	2550	1	 3.380514935e-03 5.102764290e-05
2388	3061	1	 4.872386651e-03 1.060042503e-04
2388	3065	1	 5.080076708e-03 1.152339184e-04
2388	3066	1	 3.780413914e-03 6.381437138e-05
2388	3068	1	 1.218718794e-03 6.632034952e-06
2388	3070	1	 1.750714903e-03 1.368581443e-05
2389	2537	1	 4.199163890e-03 7.873456637e-05
2389	2539	1	 1.071214284e-03 5.123803900e-06
2389	2541	1	 1.561376762e-03 1.088567121e-05
2389	2550	1	 2.998061428e-03 4.013477602e-05
2389	3061	1	 1.178341643e-03 6.199865131e-06
2389	3062	1	 3.349716470e-03 5.010209510e-05
2389	3065	1	 1.846834246e-03 1.522985006e-05
2389	3066	1	 6.339955837e-04 1.794784272e-06
2389	3067	1	 1.390926359e-03 8.638693478e-06
2389	3068	1	 1.619095704e-04 1.170536150e-07
2389	3069	1	 1.224468653e-03 6.694761847e-06
2389	3070	1	 1.222095278e-04 6.668834227e-08
2389	3071	1	 4.377261573e-04 8.555488050e-07
2389	3072	1	 9.587070475e-04 4.104040420e-06
2390	2533	1	 4.084805649e-03 7.450451396e-05
2390	2534	1	 3.877457762e-03 6.713267321e-05
2390	2536	1	 1.042694910e-03 4.854609445e-06
2390	2537	1	 1.360615625e-03 8.266291152e-06
2390	2539	1	 4.619341070e-04 9.527958329e-07
2390	2541	1	 1.489566833e-03 9.907401816e-06
2390	2544	1	 2.894671758e-03 3.741437008e-05
2390	2545	1	 4.668437866e-03 9.731571003e-05
2390	2546	1	 2.601314390e-03 3.021520023e-05
2390	2550	1	 8.019540219e-04 2.871697759e-06
2390	3066	1	 4.943524452e-03 1.091222125e-04
2390	3068	1	 1.389912026e-03 8.626098534e-06
2390	3070	1	 1.220817895e-03 6.654900441e-06
2390	3071	1	 4.168872082e-03 7.760271730e-05
2391	2536	1	 2.889986612e-03 3.729335466e-05
2391	2537	1	 3.106367145e-03 4.308691083e-05
2391	2539	1	 1.001555888e-03 4.479093898e-06
2391	2541	1	 2.270974658e-03 2.302843186e-05
2391	2544	1	 4.216989503e-03 7.940444775e-05
2391	2546	1	 2.375521115e-03 2.519750730e-05
2391	2547	1	 4.406548053e-03 8.670353620e-05
2391	2550	1	 7.327758899e-04 2.397629828e-06
2391	3066	1	 2.464291286e-03 2.711589056e-05
2391	3067	1	 4.907691939e-03 1.075460285e-04
2391	3068	1	 6.182444109e-04 1.706711786e-06
2391	3069	1	 3.820664491e-03 6.518048592e-05
2391	3070	1	 3.615961284e-04 5.838312450e-07
2391	3071	1	 1.223705197e-03 6.686416089e-06
2391	3072	1	 1.757135770e-03 1.378638585e-05
2392	2539	1	 3.252788555e-03 4.724452164e-05
2392	2544	1	 3.683550753e-03 6.058611514e-05
2392	2545	1	 3.683048622e-03 6.056959840e-05
2392	2546	1	 1.006404088e-03 4.522562467e-06
2392	2547	1	 1.778867409e-03 1.412950496e-05
2392	2550	1	 2.230522960e-04 2.221535132e-07
2392	3068	1	 1.607460161e-03 1.153772614e-05
2392	3069	1	 4.936398961e-03 1.088078663e-04
2392	3070	1	 6.104548670e-04 1.663975436e-06
2392	3071	1	 1.390590715e-03 8.634524782e-06
2392	3072	1	 1.226002479e-03 6.711544693e-06
2392	3230	1	 3.917763412e-03 6.853559724e-05
2393	2539	1	 4.047870910e-03 7.316326832e-05
2393	2541	1	 1.514634332e-03 1.024366538e-05
2393	2542	1	 2.331061717e-03 2.426315842e-05
2393	2543	1	 1.547628657e-03 1.069481595e-05
2393	3061	1	 6.915389765e-04 2.135369894e-06
2393	3062	1	 9.520355472e-04 4.047120343e-06
2393	3063	1	 3.399896392e-04 5.161443230e-07
2393	3064	1	 5.721112713e-05 1.461506656e-08
2393	3065	1	 1.388480982e-03 8.608344936e-06
2393	3066	1	 4.746213600e-03 1.005852613e-04
2393	3073	1	 1.215811505e-03 6.600430878e-06
2393	3074	1	 1.488017658e-03 9.886804789e-06
2393	3075	1	 4.080374383e-03 7.434295414e-05
2393	3077	1	 4.707354297e-03 9.894493389e-05
2393	3078	1	 5.075015600e-03 1.150044255e-04
2393	3080	1	 4.211145860e-03 7.918453267e-05
2394	2541	1	 4.439678416e-03 8.801218778e-05
2394	2542	1	 4.765839080e-03 1.014188164e-04
2394	2543	1	 2.677231131e-03 3.200453506e-05
2394	3061	1	 2.835598971e-03 3.590289012e-05
2394	3062	1	 2.891166448e-03 3.732381088e-05
2394	3063	1	 7.912739981e-04 2.795719393e-06
2394	3064	1	 1.548679952e-04 1.070935074e-07
2394	3065	1	 4.312442136e-03 8.303981086e-05
2394	3073	1	 1.715777167e-03 1.314502928e-05
2394	3074	1	 1.213866395e-03 6.579328440e-06
2394	3075	1	 3.038052148e-03 4.121262128e-05
2394	3077	1	 3.506809668e-03 5.491161036e-05
2394	3078	1	 4.837316024e-03 1.044837404e-04
2394	3079	1	 2.844547796e-03 3.612985851e-05
2394	3080	1	 2.304246165e-03 2.370814291e-05
2395	2541	1	 2.970715971e-03 3.940597268e-05
2395	2542	1	 2.170635069e-03 2.103843450e-05
2395	2543	1	 9.213439408e-04 3.790385289e-06
2395	3062	1	 3.884521607e-03 6.737749689e-05
2395	3063	1	 1.008644972e-03 4.542724984e-06
2395	3064	1	 3.459642847e-04 5.344441455e-07
2395	3065	1	 4.325274943e-03 8.353475982e-05
2395	3073	1	 1.400890817e-03 8.762910309e-06
2395	3074	1	 7.501931015e-04 2.512962004e-06
2395	3075	1	 1.210038556e-03 6.537898998e-06
2395	3076	1	 4.178713640e-03 7.796954701e-05
2395	3077	1	 2.939179912e-03 3.857377395e-05
2395	3079	1	 2.449206599e-03 2.678493714e-05
2395	3080	1	 6.136371055e-04 1.681368919e-06
2395	3081	1	 2.009769651e-03 1.803567320e-05
2395	3082	1	 3.372273248e-03 5.077913568e-05
2395	3083	1	 1.753577247e-03 1.373060246e-05
2395	3084	1	 1.719175437e-03 1.319715096e-05
2395	3085	1	 3.380347853e-03 5.102259893e-05
2395	3087	1	 4.888774440e-03 1.067185191e-04
2396	2539	1	 5.036008325e-03 1.132433396e-04
2396	2540	1	 2.396552649e-03 2.564565161e-05
2396	2541	1	 1.334047284e-03 7.946616156e-06
2396	2542	1	 7.626316884e-04 2.596985252e-06
2396	2543	1	 1.916535571e-04 1.640112196e-07
2396	3061	1	 3.338725581e-03 4.977385051e-05
2396	3062	1	 1.712139791e-03 1.308935453e-05
2396	3063	1	 3.666122059e-04 6.001414593e-07
2396	3064	1	 1.770234588e-04 1.399269712e-07
2396	3065	1	 1.611219826e-03 1.159176009e-05
2396	3073	1	 4.100214974e-04 7.506768870e-07
2396	3074	1	 2.195880470e-04 2.153065202e-07
2396	3075	1	 2.966444749e-04 3.929274026e-07
2396	3076	1	 1.209507129e-03 6.532157610e-06
2396	3077	1	 1.461074261e-03 9.532007380e-06
2396	3078	1	 3.386035648e-03 5.119444531e-05
2396	3079	1	 1.700980544e-03 1.291928509e-05
2396	3080	1	 1.541146532e-04 1.060541473e-07
2396	3081	1	 6.650279236e-04 1.974783782e-06
2396	3082	1	 1.739412114e-03 1.350967092e-05
2396	3083	1	 1.173126573e-03 6.145108200e-06
2396	3084	1	 5.008286018e-04 1.120000034e-06
2396	3085	1	 8.843458553e-04 3.492079154e-06
2396	3086	1	 2.551619822e-03 2.907178674e-05
2396	3087	1	 1.497919578e-03 1.001882484e-05
2397	3061	1	 2.892172247e-03 3.734978433e-05
2397	3062	1	 2.827053425e-03 3.568681762e-05
2397	3063	1	 5.875747039e-04 1.541579657e-06
2397	3064	1	 8.804184974e-05 3.461131553e-08
2397	3073	1	 1.158320591e-03 5.990972738e-06
2397	3074	1	 5.996615972e-04 1.605655104e-06
2397	3075	1	 2.201066657e-03 2.163247345e-05
2397	3077	1	 1.216266679e-03 6.605373923e-06
2397	3078	1	 1.578448481e-03 1.112501519e-05
2397	3079	1	 6.968591705e-04 2.168352220e-06
2397	3080	1	 1.861687113e-03 1.547580236e-05
2398	3061	1	 1.215186341e-03 6.593644809e-06
2398	3062	1	 1.738671870e-03 1.349817472e-05
2398	3063	1	 4.387258401e-04 8.594610868e-07
2398	3064	1	 4.891816002e-05 1.068513507e-08
2398	3065	1	 5.026405049e-03 1.128118589e-04
2398	3073	1	 1.286359558e-03 7.388640655e-06
2398	3074	1	 1.043961631e-03 4.866411883e-06
2398	3075	1	 4.549756386e-03 9.243066470e-05
2398	3077	1	 1.597234576e-03 1.139140245e-05
2398	3078	1	 1.218682663e-03 6.631641727e-06
2398	3079	1	 1.195881274e-03 6.385808936e-06
2398	3080	1	 5.237859079e-03 1.225031933e-04
2399	3063	1	 3.502657949e-03 5.478166738e-05
2399	3064	1	 9.407044595e-04 3.951356327e-06
2399	3073	1	 5.108409136e-03 1.165228600e-04
2399	3074	1	 2.350487345e-03 2.466923172e-05
2399	3077	1	 3.187185395e-03 4.535805706e-05
2399	3078	1	 4.386402224e-03 8.591256704e-05
2399	3079	1	 1.215917093e-03 6.601577361e-06
2399	3080	1	 4.075192946e-03 7.415426616e-05
2400	2542	1	 4.527160798e-03 9.151486223e-05
2400	2543	1	 2.336274710e-03 2.437179999e-05
2400	3063	1	 4.525235920e-03 9.143705740e-05
2400	3064	1	 2.013174467e-03 1.809683459e-05
2400	3074	1	 2.629318285e-03 3.086925249e-05
2400	3075	1	 3.055643114e-03 4.169126261e-05
2400	3079	1	 5.146186667e-03 1.182526441e-04
2400	3080	1	 1.207560061e-03 6.511143558e-06
2400	3081	1	 2.628980309e-03 3.086131705e-05
2400	3082	1	 3.087786725e-03 4.257301241e-05
2400	3083	1	 1.222887656e-03 6.677484860e-06
2400	3084	1	 2.025210827e-03 1.831387606e-05
2400	3085	1	 5.105379134e-03 1.163846722e-04
2400	3086	1	 5.034488836e-03 1.131750133e-04
2401	2542	1	 4.365711837e-03 8.510399005e-05
2401	2543	1	 2.104029020e-03 1.976711280e-05
2401	3074	1	 3.952872883e-03 6.976948008e-05
2401	3075	1	 2.977026371e-03 3.957356295e-05
2401	3080	1	 8.666456257e-04 3.353689787e-06
2401	3081	1	 1.204098311e-03 6.473865678e-06
2401	3082	1	 1.189354006e-03 6.316290109e-06
2401	3083	1	 4.014786726e-04 7.197219514e-07
2401	3084	1	 6.624040807e-04 1.959231651e-06
2401	3085	1	 2.437010856e-03 2.651885186e-05
2401	3086	1	 1.390669802e-03 8.635506948e-06
2401	3087	1	 3.059625075e-03 4.179999334e-05
2401	3088	1	 4.749199064e-03 1.007118414e-04
2402	3080	1	 1.983790399e-03 1.757241122e-05
2402	3081	1	 2.154918734e-03 2.073488271e-05
2402	3082	1	 1.202512827e-03 6.456828107e-06
2402	3083	1	 2.716369097e-04 3.294711196e-07
2402	3084	1	 1.625150356e-03 1.179307021e-05
2402	3086	1	 2.151894258e-03 2.067671984e-05
2402	3088	1	 4.101925080e-03 7.513031981e-05
2403	3082	1	 4.291712887e-03 8.224341023e-05
2403	3083	1	 1.202925586e-03 6.461261445e-06
2404	2522	1	 5.111994713e-03 1.166864915e-04
2404	2523	1	 1.650860270e-03 1.216915496e-05
2404	2524	1	 2.031924820e-03 1.843550592e-05
2404	2540	1	 2.673192833e-03 3.190805748e-05
2404	2542	1	 2.512561513e-03 2.818857980e-05
2404	2543	1	 1.664647749e-03 1.237326988e-05
2404	3080	1	 3.092251379e-03 4.269621467e-05
2404	3081	1	 3.277300119e-03 4.795923172e-05
2404	3082	1	 3.736736445e-03 6.234831563e-05
2404	3083	1	 1.868090997e-03 1.558245368e-05
2404	3084	1	 1.202035426e-03 6.451702368e-06
2404	3085	1	 3.113140667e-03 4.327502017e-05
2404	3086	1	 1.834372914e-03 1.502501962e-05
2404	3087	1	 2.419324043e-03 2.613532304e-05
2405	2520	1	 3.370760774e-03 5.073359673e-05
2405	2521	1	 3.902819995e-03 6.801376748e-05
2405	2522	1	 1.603040779e-03 1.147437212e-05
2405	2523	1	 6.200703653e-04 1.716808051e-06
2405	2524	1	 1.137178091e-03 5.774265613e-06
2405	2537	1	 2.913579494e-03 3.790474099e-05
2405	2538	1	 1.225951298e-03 6.710984338e-06
2405	2539	1	 2.780612272e-03 3.452396440e-05
2405	2540	1	 3.611876372e-04 5.825128943e-07
2405	2541	1	 1.155044056e-03 5.957127412e-06
2405	2542	1	 3.453589905e-04 5.325756695e-07
2405	2543	1	 2.374432499e-04 2.517441837e-07
2405	3080	1	 2.485123502e-03 2.757628397e-05
2405	3081	1	 2.717031576e-03 3.296318447e-05
2405	3082	1	 4.686826298e-03 9.808385030e-05
2405	3083	1	 3.309631227e-03 4.891015070e-05
2405	3084	1	 7.099580565e-04 2.250635544e-06
2405	3085	1	 1.202902035e-03 6.461008445e-06
2405	3086	1	 1.436250372e-03 9.210858231e-06
2405	3087	1	 6.253465461e-04 1.746149004e-06
2406	2509	1	 2.122666582e-03 2.011885937e-05
2406	2520	1	 4.334780534e-03 8.390232944e-05
2406	2522	1	 4.755498006e-03 1.009791702e-04
2406	2523	1	 7.633160216e-04 2.601648055e-06
2406	2524	1	 6.390701968e-04 1.823630801e-06
2406	2540	1	 5.141698993e-03 1.180464922e-04
2406	2543	1	 4.526720382e-03 9.149705741e-05
2406	3081	1	 4.291795753e-03 8.224658626e-05
2406	3082	1	 3.776855439e-03 6.369429198e-05
2406	3083	1	 1.954518694e-03 1.705765973e-05
2406	3084	1	 1.424591362e-03 9.061923737e-06
2406	3085	1	 4.114911379e-03 7.560678353e-05
2406	3086	1	 1.196931232e-03 6.397027063e-06
2406	3087	1	 2.930833387e-03 3.835500556e-05
2407	2519	1	 2.806961365e-03 3.518136291e-05
2407	2520	1	 9.787516015e-04 4.277448221e-06
2407	2521	1	 8.663779111e-04 3.351618138e-06
2407	2522	1	 2.244152595e-04 2.248767511e-07
2407	2523	1	 1.640679976e-04 1.201953164e-07
2407	2524	1	 6.186975445e-04 1.709214524e-06
2407	2525	1	 3.905935671e-03 6.812240352e-05
2407	2536	1	 3.777813594e-03 6.372661343e-05
2407	2537	1	 1.157453853e-03 5.982010338e-06
2407	2538	1	 3.719153529e-04 6.176294599e-07
2407	2539	1	 1.695607174e-03 1.283779040e-05
2407	2540	1	 1.621854976e-04 1.174529219e-07
2407	2541	1	 1.062671892e-03 5.042410252e-06
2407	2542	1	 3.367786608e-04 5.064410737e-07
2407	2543	1	 5.072016884e-04 1.148685584e-06
2407	3084	1	 2.788612794e-03 3.472291848e-05
2407	3085	1	 3.319860187e-03 4.921294762e-05
2407	3086	1	 3.974662721e-03 7.054079545e-05
2407	3087	1	 1.199973755e-03 6.429590075e-06
2407	3202	1	 5.018065023e-03 1.124378050e-04
2408	3080	1	 1.385132524e-03 8.566875266e-06
2408	3081	1	 1.026520185e-03 4.705164121e-06
2408	3082	1	 3.356778762e-04 5.031358082e-07
2408	3083	1	 4.842735113e-05 1.047179711e-08
2408	3084	1	 8.659413012e-04 3.348240902e-06
2408	3085	1	 4.631547878e-03 9.578380943e-05
2408	3086	1	 8.308012433e-04 3.082010155e-06
2408	3088	1	 1.200990164e-03 6.440486741e-06
2408	3089	1	 1.384918540e-03 8.564228539e-06
2408	3090	1	 4.194173417e-03 7.854753427e-05
2408	3092	1	 3.878515311e-03 6.716929812e-05
2408	3093	1	 3.659552766e-03 5.979926096e-05
2409	3080	1	 4.617523262e-03 9.520460898e-05
2409	3081	1	 3.184528325e-03 4.528246102e-05
2409	3082	1	 8.427536742e-04 3.171327539e-06
2409	3083	1	 1.578240161e-04 1.112207888e-07
2409	3084	1	 3.303280080e-03 4.872261469e-05
2409	3086	1	 2.412370309e-03 2.598530024e-05
2409	3088	1	 1.792979308e-03 1.435457521e-05
2409	3089	1	 1.198007574e-03 6.408537316e-06
2409	3090	1	 3.291132595e-03 4.836492841e-05
2409	3092	1	 2.994634145e-03 4.004306701e-05
2409	3093	1	 2.272154795e-03 2.305237205e-05
2409	3096	1	 4.444947741e-03 8.822122998e-05
2410	3081	1	 3.836294039e-03 6.571485646e-05
2410	3082	1	 9.331223253e-04 3.887916688e-06
2410	3083	1	 2.939438952e-04 3.858057352e-07
2410	3084	1	 3.449770416e-03 5.313983195e-05
2410	3086	1	 1.567195872e-03 1.096696223e-05
2410	3088	1	 1.294589234e-03 7.483482922e-06
2410	3089	1	 6.349990125e-04 1.800470001e-06
2410	3090	1	 1.194824115e-03 6.374523817e-06
2410	3091	1	 4.751272347e-03 1.007997930e-04
2410	3092	1	 2.274319985e-03 2.309632727e-05
2410	3093	1	 5.128381369e-04 1.174357747e-06
2410	3094	1	 1.955026656e-03 1.706652716e-05
2410	3095	1	 2.199778458e-03 2.160715957e-05
2410	3096	1	 8.161893741e-04 2.974552664e-06
2410	3097	1	 2.818620279e-03 3.547422645e-05
2411	3080	1	 4.716189847e-03 9.931671530e-05
2411	3081	1	 1.750966966e-03 1.368975561e-05
2411	3082	1	 3.024927774e-04 4.085731365e-07
2411	3083	1	 1.236176380e-04 6.823397498e-08
2411	3084	1	 1.720869297e-03 1.322316941e-05
2411	3086	1	 5.720090609e-04 1.460984493e-06
2411	3088	1	 3.045022848e-04 4.140195995e-07
2411	3089	1	 1.088870338e-04 5.294099800e-08
2411	3090	1	 2.023803027e-04 1.828842359e-07
2411	3091	1	 1.194702657e-03 6.373227903e-06
2411	3092	1	 7.150215577e-04 2.282853602e-06
2411	3093	1	 6.971649414e-05 2.170255515e-08
2411	3094	1	 4.863404598e-04 1.056137813e-06
2411	3095	1	 8.015695305e-04 2.868944787e-06
2411	3096	1	 3.559639671e-04 5.657855691e-07
2411	3097	1	 8.130861502e-04 2.951976642e-06
2411	3098	1	 3.822622619e-03 6.524731434e-05
2411	3190	1	 4.348270838e-03 8.442536823e-05
2412	3080	1	 4.288999490e-03 8.213944782e-05
2412	3081	1	 3.476491896e-03 5.396624894e-05
2412	3082	1	 7.605222282e-04 2.582638457e-06
2412	3083	1	 1.239554938e-04 6.860746124e-08
2412	3086	1	 4.861207681e-03 1.055183862e-04
2412	3088	1	 1.450648002e-03 9.396451533e-06
2412	3089	1	 7.473456985e-04 2.493922010e-06
2412	3090	1	 2.825476657e-03 3.564702058e-05
2412	3092	1	 1.201881769e-03 6.450053023e-06
2412	3093	1	 2.478944855e-03 2.743933118e-05
2413	2509	1	 3.383354219e-03 5.111339481e-05
2413	2510	1	 2.549483851e-03 2.902313491e-05
2413	3082	1	 4.162791966e-03 7.737652208e-05
2413	3083	1	 1.811034310e-03 1.464512712e-05
2413	3086	1	 4.412960851e-03 8.695607711e-05
2413	3088	1	 5.017772588e-03 1.124247004e-04
2413	3089	1	 2.610376977e-03 3.042609735e-05
2413	3090	1	 3.315641326e-03 4.908794798e-05
2413	3093	1	 1.192617671e-03 6.351002297e-06
2413	3094	1	 2.821127471e-03 3.553736391e-05
2413	3095	1	 2.202711761e-03 2.166482229e-05
2413	3096	1	 6.061782030e-04 1.640742476e-06
2413	3097	1	 3.584281497e-03 5.736460537e-05
2413	3190	1	 4.436311123e-03 8.787873198e-05
2414	2507	1	 4.065412642e-03 7.379875860e-05
2414	2508	1	 2.667009796e-03 3.176062292e-05
2414	2509	1	 1.941524352e-03 1.683160280e-05
2414	2510	1	 9.751836722e-04 4.246319147e-06
2414	3083	1	 4.768193703e-03 1.015190557e-04
2414	3089	1	 3.649310872e-03 5.946501211e-05
2414	3090	1	 2.989408698e-03 3.990344370e-05
2414	3093	1	 7.586383131e-04 2.569859224e-06
2414	3094	1	 1.189796708e-03 6.320993086e-06
2414	3095	1	 6.540762519e-04 1.910277902e-06
2414	3096	1	 1.132275166e-04 5.724581652e-08
2414	3097	1	 1.352720543e-03 8.170637828e-06
2414	3098	1	 2.756463756e-03 3.392691436e-05
2414	3099	1	 3.945741556e-03 6.951796672e-05
2414	3188	1	 4.309671759e-03 8.293315309e-05
2414	3189	1	 4.311696281e-03 8.301108917e-05
2414	3190	1	 1.071014014e-03 5.121888230e-06
2415	2508	1	 3.484807729e-03 5.422473425e-05
2415	2509	1	 3.880966652e-03 6.725423105e-05
2415	2510	1	 8.712358162e-04 3.389309518e-06
2415	3093	1	 2.765597510e-03 3.415212573e-05
2415	3094	1	 3.209967534e-03 4.600881731e-05
2415	3095	1	 1.188226401e-03 6.304319063e-06
2415	3096	1	 1.971696560e-04 1.735880990e-07
2415	3097	1	 4.109640638e-03 7.541321990e-05
2415	3098	1	 3.421130284e-03 5.226115653e-05
2415	3099	1	 3.182946119e-03 4.523747576e-05
2415	3190	1	 2.184190804e-03 2.130202737e-05
2416	2508	1	 3.715311116e-03 6.163539218e-05
2416	2509	1	 4.444502510e-03 8.820355741e-05
2416	2510	1	 7.504945869e-04 2.514982213e-06
2416	3095	1	 4.759656615e-03 1.011558568e-04
2416	3096	1	 1.188343850e-03 6.305565415e-06
2417	2504	1	 4.458602472e-03 8.876408787e-05
2417	2507	1	 7.760147222e-04 2.688931327e-06
2417	2508	1	 4.375005361e-04 8.546670655e-07
2417	2509	1	 2.501721471e-04 2.794587431e-07
2417	2510	1	 1.727424733e-04 1.332410531e-07
2417	2524	1	 3.481899667e-03 5.413427124e-05
2417	3086	1	 4.412859703e-03 8.695209100e-05
2417	3093	1	 1.580029975e-03 1.114731932e-05
2417	3094	1	 1.887919682e-03 1.591500641e-05
2417	3095	1	 1.402816304e-03 8.787015631e-06
2417	3096	1	 4.118250383e-04 7.572953406e-07
2417	3097	1	 1.189856132e-03 6.321624510e-06
2417	3098	1	 4.971627431e-03 1.103664163e-04
2417	3188	1	 1.198715433e-03 6.416112686e-06
2417	3189	1	 1.245371385e-03 6.925283471e-06
2417	3190	1	 2.745025878e-04 3.364594075e-07
2418	2510	1	 1.893412066e-03 1.600774179e-05
2418	3093	1	 2.508048851e-03 2.808741506e-05
2418	3094	1	 2.120998803e-03 2.008725702e-05
2418	3095	1	 4.785074249e-04 1.022391315e-06
2418	3096	1	 5.952633166e-05 1.582187792e-08
2418	3097	1	 3.171023550e-03 4.489921256e-05
2418	3098	1	 1.188448328e-03 6.306674221e-06
2418	3099	1	 7.926278403e-04 2.805294334e-06
2418	3100	1	 2.557015664e-03 2.919487141e-05
2418	3102	1	 1.995099150e-03 1.777332805e-05
2418	3106	1	 2.144146967e-03 2.052810639e-05
2418	3111	1	 3.037160184e-03 4.118842500e-05
2418	3112	1	 4.891962311e-03 1.068577424e-04
2418	3113	1	 4.189900145e-03 7.838755805e-05
2418	3190	1	 1.832532598e-03 1.499488735e-05
2419	2510	1	 3.550758129e-03 5.629657445e-05
2419	3095	1	 1.811831269e-03 1.465801936e-05
2419	3096	1	 4.259389478e-04 8.100922869e-07
2419	3098	1	 2.734226727e-03 3.338172984e-05
2419	3099	1	 1.186976305e-03 6.291060892e-06
2419	3100	1	 2.901775305e-03 3.759822568e-05
2419	3102	1	 2.269414096e-03 2.299679351e-05
2419	3106	1	 1.754053977e-03 1.373806912e-05
2419	3109	1	 3.406274034e-03 5.180825416e-05
2419	3111	1	 3.259845694e-03 4.744974422e-05
2419	3112	1	 4.836335060e-03 1.044413680e-04
2420	2510	1	 3.999521493e-03 7.142592274e-05
2420	3095	1	 2.177868207e-03 2.117887952e-05
2420	3096	1	 7.362554258e-04 2.420453849e-06
2420	3098	1	 2.371990318e-03 2.512265959e-05
2420	3099	1	 7.670142309e-04 2.626918706e-06
2420	3100	1	 1.184326912e-03 6.263008282e-06
2420	3101	1	 4.644255146e-03 9.631012171e-05
2420	3102	1	 1.942942900e-03 1.685620734e-05
2420	3106	1	 4.235077299e-04 8.008708243e-07
2420	3107	1	 1.468256566e-03 9.625952023e-06
2420	3108	1	 1.547868376e-03 1.069812935e-05
2420	3109	1	 5.784792081e-04 1.494222589e-06
2420	3110	1	 1.945813620e-03 1.690605461e-05
2420	3111	1	 7.244391641e-04 2.343384922e-06
2420	3112	1	 1.126579776e-03 5.667136734e-06
2420	3113	1	 2.292569598e-03 2.346847380e-05
2420	3190	1	 3.888992312e-03 6.753267599e-05
2421	3094	1	 4.431465260e-03 8.768685376e-05
2421	3095	1	 8.418612230e-04 3.164614412e-06
2421	3096	1	 3.359126680e-04 5.038398967e-07
2421	3098	1	 7.107073525e-04 2.255388733e-06
2421	3099	1	 1.599222857e-04 1.141978077e-07
2421	3100	1	 2.081641244e-04 1.934868961e-07
2421	3101	1	 1.183969556e-03 6.259229282e-06
2421	3102	1	 6.839616886e-04 2.088831179e-06
2421	3103	1	 2.837463221e-03 3.595011398e-05
2421	3104	1	 2.982702669e-03 3.972461670e-05
2421	3106	1	 5.115440907e-05 1.168438703e-08
2421	3107	1	 3.188296403e-04 4.538968491e-07
2421	3108	1	 5.010118291e-04 1.120819684e-06
2421	3109	1	 2.287604195e-04 2.336692465e-07
2421	3110	1	 4.902656351e-04 1.073254443e-06
2421	3111	1	 1.508419949e-04 1.015978049e-07
2421	3112	1	 4.370151343e-04 8.527716310e-07
2421	3113	1	 6.023620420e-04 1.620149099e-06
2421	3114	1	 2.499046133e-03 2.788613570e-05
2421	3119	1	 4.323407729e-03 8.346265175e-05
2421	3190	1	 2.092957508e-03 1.955962896e-05
2422	3095	1	 2.403004832e-03 2.578392788e-05
2422	3096	1	 6.946397715e-04 2.154562417e-06
2422	3098	1	 3.007267056e-03 4.038162422e-05
2422	3099	1	 1.095922252e-03 5.362894826e-06
2422	3100	1	 3.250245530e-03 4.717067915e-05
2422	3102	1	 1.188600676e-03 6.308291235e-06
2422	3106	1	 2.319603516e-03 2.402521630e-05
2422	3109	1	 4.627183571e-03 9.560338032e-05
2423	3095	1	 1.621923100e-03 1.174627889e-05
2423	3096	1	 6.512699786e-04 1.893921211e-06
2423	3098	1	 1.327083821e-03 7.863873134e-06
2423	3099	1	 2.747665768e-04 3.371068642e-07
2423	3100	1	 9.316947776e-04 3.876029841e-06
2423	3101	1	 3.668952082e-03 6.010683623e-05
2423	3102	1	 1.923350330e-04 1.651796656e-07
2423	3103	1	 1.187948544e-03 6.301370983e-06
2423	3104	1	 1.219118256e-03 6.636383260e-06
2423	3105	1	 3.114456955e-03 4.331162273e-05
2423	3106	1	 6.729508899e-04 2.022118178e-06
2423	3107	1	 3.059456246e-03 4.179538047e-05
2423	3108	1	 3.055222639e-03 4.167978946e-05
2423	3109	1	 1.960110446e-03 1.715540109e-05
2423	3119	1	 2.969474260e-03 3.937303746e-05
2424	3096	1	 3.484044339e-03 5.420097966e-05
2424	3098	1	 4.498417787e-03 9.035649275e-05
2424	3099	1	 9.899328021e-04 4.375737088e-06
2424	3100	1	 1.680332720e-03 1.260754010e-05
2424	3102	1	 6.592839338e-04 1.940817836e-06
2424	3103	1	 2.060082430e-03 1.894999003e-05
2424	3104	1	 1.186368034e-03 6.284614784e-06
2424	3106	1	 8.362246430e-04 3.122379690e-06
2424	3107	1	 2.615477040e-03 3.054510438e-05
2424	3108	1	 1.603413554e-03 1.147970931e-05
2424	3109	1	 8.145159535e-04 2.962367809e-06
2424	3114	1	 3.520868195e-03 5.535276559e-05
2424	3115	1	 4.570632314e-03 9.328082127e-05
2424	3118	1	 3.544320855e-03 5.609263605e-05
2424	3119	1	 7.299047684e-04 2.378878118e-06
2425	3095	1	 1.803352195e-03 1.452114612e-05
2425	3096	1	 9.106935430e-04 3.703260854e-06
2425	3098	1	 1.428473839e-03 9.111384456e-06
2425	3099	1	 3.932807014e-04 6.906293984e-07
2425	3100	1	 1.691950532e-03 1.278247972e-05
2425	3101	1	 5.091233857e-03 1.157406406e-04
2425	3102	1	 1.080097335e-04 5.209134588e-08
2425	3103	1	 6.844524501e-04 2.091829843e-06
2425	3104	1	 9.167021799e-04 3.752289326e-06
2425	3105	1	 1.189163128e-03 6.314262883e-06
2425	3106	1	 1.932060856e-03 1.666791945e-05
2425	3119	1	 5.090668573e-03 1.157149405e-04
2426	2510	1	 4.319602426e-03 8.331579496e-05
2426	3096	1	 3.578863610e-03 5.719131539e-05
2426	3099	1	 3.232586734e-03 4.665950877e-05
2426	3100	1	 3.618542762e-03 5.846651508e-05
2426	3106	1	 1.182745898e-03 6.246297867e-06
2426	3107	1	 2.432330222e-03 2.641708307e-05
2426	3108	1	 1.763608833e-03 1.388814751e-05
2426	3109	1	 4.686268931e-04 9.806052305e-07
2426	3110	1	 2.748470965e-03 3.373044700e-05
2426	3111	1	 1.256707948e-03 7.051938455e-06
2426	3112	1	 1.226164811e-03 6.713322129e-06
2426	3113	1	 4.608129068e-03 9.481762195e-05
2427	2497	1	 1.432765054e-03 9.166208893e-06
2427	3099	1	 4.987496464e-03 1.110721021e-04
2427	3100	1	 3.734284275e-03 6.226651241e-05
2427	3106	1	 9.263817863e-04 3.831949748e-06
2427	3107	1	 1.180337771e-03 6.220888241e-06
2427	3108	1	 6.001238151e-04 1.608131329e-06
2427	3109	1	 9.374038587e-05 3.923677133e-08
2427	3110	1	 1.122938588e-03 5.630562738e-06
2427	3111	1	 6.492301498e-04 1.882075969e-06
2427	3112	1	 4.744493419e-04 1.005123638e-06
2427	3113	1	 3.481023113e-03 5.410701853e-05
2427	3114	1	 2.528173838e-03 2.853997941e-05
2427	3115	1	 3.458509192e-03 5.340939498e-05
2427	3119	1	 4.500579036e-03 9.044333653e-05
2427	3126	1	 2.980759155e-03 3.967286483e-05
2428	2497	1	 1.629930869e-03 1.186255283e-05
2428	3106	1	 3.273601949e-03 4.785105649e-05
2428	3107	1	 3.337848681e-03 4.974770821e-05
2428	3108	1	 1.179458791e-03 6.211626481e-06
2428	3109	1	 1.904402361e-04 1.619411475e-07
2428	3110	1	 3.774853728e-03 6.362679465e-05
2428	3111	1	 3.293678653e-03 4.843978869e-05
2428	3112	1	 2.444360008e-03 2.667903574e-05
2428	3114	1	 3.289181378e-03 4.830759708e-05
2428	3115	1	 2.885448954e-03 3.717633569e-05
2428	3119	1	 3.680485221e-03 6.048531490e-05
2428	3126	1	 2.620510082e-03 3.066277524e-05
2429	2497	1	 2.290025533e-03 2.341641676e-05
2429	3108	1	 4.769904967e-03 1.015919374e-04
2429	3109	1	 1.179348707e-03 6.210467020e-06
2430	2494	1	 1.444464307e-03 9.316513543e-06
2430	2495	1	 1.671725075e-03 1.247870457e-05
2430	2496	1	 2.208749761e-03 2.178375885e-05
2430	2497	1	 2.920094848e-04 3.807445589e-07
2430	2498	1	 2.553527358e-03 2.911526987e-05
2430	2499	1	 5.189454584e-03 1.202494838e-04
2430	2507	1	 4.989327354e-03 1.111536653e-04
2430	2510	1	 3.460708431e-03 5.347734180e-05
2430	3106	1	 2.187599742e-03 2.136857280e-05
2430	3107	1	 2.203289773e-03 2.167619389e-05
2430	3108	1	 1.573383642e-03 1.105373505e-05
2430	3109	1	 4.062073248e-04 7.367756946e-07
2430	3110	1	 1.179146312e-03 6.208335577e-06
2430	3111	1	 4.893893107e-04 1.069421099e-06
2430	3112	1	 1.433137727e-04 9.170977907e-08
2430	3113	1	 2.621596147e-03 3.068819674e-05
2430	3126	1	 3.563386506e-03 5.669772742e-05
2430	3176	1	 4.665344235e-03 9.718677646e-05
2431	2494	1	 2.772562857e-03 3.432437132e-05
2431	2495	1	 1.905056677e-03 1.620524462e-05
2431	2496	1	 1.993786345e-03 1.774994551e-05
2431	2497	1	 9.529207848e-04 4.054650164e-06
2431	2498	1	 2.398365007e-03 2.568445457e-05
2431	2499	1	 3.322245895e-03 4.928370355e-05
2431	2500	1	 2.959141416e-03 3.909950240e-05
2431	2501	1	 4.721016041e-03 9.952008580e-05
2431	2503	1	 2.618666577e-03 3.061964843e-05
2431	2504	1	 4.210938847e-03 7.917674772e-05
2431	2507	1	 1.480238495e-03 9.783701140e-06
2431	2508	1	 2.073808741e-03 1.920335856e-05
2431	2510	1	 5.884006045e-04 1.545916420e-06
2431	3109	1	 2.432139314e-03 2.641293640e-05
2431	3110	1	 3.724971364e-03 6.195632747e-05
2431	3111	1	 1.180333410e-03 6.220842278e-06
2431	3112	1	 3.598300505e-04 5.781421712e-07
2431	3113	1	 3.868195037e-03 6.681231445e-05
2431	3190	1	 3.877342489e-03 6.712868169e-05
2432	2494	1	 1.426394112e-03 9.084873079e-06
2432	2495	1	 6.382630188e-04 1.819027034e-06
2432	2496	1	 4.365529748e-04 8.509689101e-07
2432	2497	1	 5.520599260e-04 1.360856197e-06
2432	2498	1	 1.031726092e-03 4.753008788e-06
2432	2499	1	 1.251290337e-03 6.991268335e-06
2432	2500	1	 1.610526351e-03 1.158178396e-05
2432	2501	1	 3.601168559e-03 5.790641644e-05
2432	2503	1	 1.363354578e-03 8.299605142e-06
2432	2504	1	 3.246623544e-03 4.706560625e-05
2432	2507	1	 1.563590158e-03 1.091655597e-05
2432	2508	1	 1.960395365e-03 1.716038881e-05
2432	2510	1	 6.967882512e-04 2.167910896e-06
2432	3111	1	 4.279257962e-03 8.176674779e-05
2432	3112	1	 1.178874714e-03 6.205475916e-06
2433	2494	1	 4.218803677e-03 7.947278299e-05
2433	2495	1	 2.549845476e-03 2.903136892e-05
2433	2496	1	 3.334252251e-03 4.964056271e-05
2433	2497	1	 2.238098211e-03 2.236650208e-05
2433	2498	1	 2.058208942e-03 1.891553857e-05
2433	2499	1	 2.349437394e-03 2.464719740e-05
2433	2500	1	 1.271736649e-03 7.221612214e-06
2433	2501	1	 1.787867029e-03 1.427283419e-05
2433	2503	1	 9.735329920e-04 4.231955939e-06
2433	2504	1	 1.163572663e-03 6.045424594e-06
2433	2505	1	 4.935302791e-03 1.087595483e-04
2433	2507	1	 2.449229443e-04 2.678543680e-07
2433	2508	1	 5.154408265e-04 1.186307891e-06
2433	2509	1	 2.363454433e-03 2.494217125e-05
2433	2510	1	 1.450894122e-04 9.399640247e-08
2433	3096	1	 4.292495391e-03 8.227340370e-05
2433	3106	1	 3.634779965e-03 5.899239670e-05
2433	3109	1	 3.567020263e-03 5.681342119e-05
2433	3110	1	 2.393204898e-03 2.557405269e-05
2433	3111	1	 4.501898958e-04 9.049639443e-07
2433	3112	1	 1.221562991e-04 6.663026229e-08
2433	3113	1	 1.181479288e-03 6.232926633e-06
2433	3188	1	 2.478503367e-03 2.742955842e-05
2433	3190	1	 6.304605441e-04 1.774825315e-06
2434	2497	1	 2.323446383e-03 2.410488699e-05
2434	3106	1	 2.875537217e-03 3.692136727e-05
2434	3107	1	 2.314695953e-03 2.392366400e-05
2434	3108	1	 5.057986000e-04 1.142339083e-06
2434	3109	1	 6.434980989e-05 1.848988994e-08
2434	3110	1	 3.316913427e-03 4.912562202e-05
2434	3111	1	 4.226675271e-03 7.976962593e-05
2434	3112	1	 3.834028381e-03 6.563725897e-05
2434	3114	1	 1.178779833e-03 6.204477077e-06
2434	3115	1	 7.183752283e-04 2.304318391e-06
2434	3116	1	 2.432173049e-03 2.641366913e-05
2434	3118	1	 1.686992481e-03 1.270767454e-05
2434	3119	1	 1.114996750e-03 5.551201511e-06
2434	3120	1	 2.442413879e-03 2.663657050e-05
2434	3125	1	 2.563161898e-03 2.933539003e-05
2434	3126	1	 9.154794217e-04 3.742285896e-06
2435	2497	1	 4.731947331e-03 9.998148749e-05
2435	3108	1	 1.995774564e-03 1.778536393e-05
2435	3109	1	 4.883678493e-04 1.064961531e-06
2435	3114	1	 2.871012656e-03 3.680526961e-05
2435	3115	1	 1.178023395e-03 6.196516640e-06
2435	3116	1	 2.922940447e-03 3.814869829e-05
2435	3118	1	 2.069920627e-03 1.913141861e-05
2435	3119	1	 1.652185198e-03 1.218869595e-05
2435	3120	1	 3.072547246e-03 4.215381926e-05
2435	3123	1	 3.996783761e-03 7.132817197e-05
2435	3125	1	 3.405846201e-03 5.179524057e-05
2435	3126	1	 1.600338596e-03 1.143572093e-05
2436	2497	1	 3.471616166e-03 5.381498130e-05
2436	3108	1	 2.294748490e-03 2.351310456e-05
2436	3109	1	 7.487041733e-04 2.502996818e-06
2436	3114	1	 2.464993090e-03 2.713133738e-05
2436	3115	1	 7.438318741e-04 2.470525601e-06
2436	3116	1	 1.176105922e-03 6.176360871e-06
2436	3117	1	 3.136529385e-03 4.392770469e-05
2436	3118	1	 1.724330217e-03 1.327641035e-05
2436	3119	1	 2.272869623e-03 2.306687905e-05
2436	3120	1	 9.678650020e-04 4.182821790e-06
2436	3121	1	 2.831089501e-03 3.578878775e-05
2436	3122	1	 2.438274812e-03 2.654636701e-05
2436	3123	1	 7.348302175e-04 2.411092120e-06
2436	3124	1	 3.447374851e-03 5.306605562e-05
2436	3125	1	 9.343869980e-04 3.898462517e-06
2436	3126	1	 5.195864496e-04 1.205467269e-06
2436	3133	1	 4.695757793e-03 9.845803536e-05
2436	3135	1	 3.732988303e-03 6.222330110e-05
2437	3108	1	 2.633822990e-03 3.097511718e-05
2437	3109	1	 1.172916528e-03 6.142907871e-06
2437	3114	1	 1.990924000e-03 1.769901729e-05
2437	3115	1	 3.957167319e-04 6.992115877e-07
2437	3116	1	 4.997397370e-04 1.115135284e-06
2437	3117	1	 1.176168273e-03 6.177015772e-06
2437	3118	1	 7.627708642e-04 2.597933208e-06
2437	3119	1	 1.374215595e-03 8.432367679e-06
2437	3120	1	 5.370287642e-04 1.287759865e-06
2437	3121	1	 1.575120697e-03 1.107815574e-05
2437	3122	1	 9.961967448e-04 4.431288505e-06
2437	3123	1	 2.214206615e-04 2.189152809e-07
2437	3124	1	 2.743804973e-03 3.361601798e-05
2437	3125	1	 1.019753528e-03 4.643337197e-06
2437	3126	1	 5.161319014e-04 1.189491097e-06
2437	3127	1	 3.800729762e-03 6.450208793e-05
2437	3132	1	 4.627898316e-03 9.563291767e-05
2437	3133	1	 1.222722637e-03 6.675682836e-06
2437	3135	1	 8.710603968e-04 3.387944811e-06
2437	3137	1	 2.958096311e-03 3.907188909e-05
2437	3138	1	 4.081630636e-03 7.438873812e-05
2438	3108	1	 2.923694303e-03 3.816837872e-05
2438	3109	1	 9.620626269e-04 4.132819878e-06
2438	3114	1	 3.383021828e-03 5.110335224e-05
2438	3115	1	 1.207065752e-03 6.505814037e-06
2438	3116	1	 3.503556143e-03 5.480976653e-05
2438	3118	1	 1.179776491e-03 6.214973270e-06
2438	3119	1	 6.963664716e-04 2.165287133e-06
2438	3126	1	 4.061614157e-03 7.366091649e-05
2438	3135	1	 4.886417341e-03 1.066156362e-04
2439	3108	1	 4.760113649e-03 1.011752842e-04
2439	3109	1	 1.631952004e-03 1.189199050e-05
2439	3115	1	 3.387886354e-03 5.125042330e-05
2439	3118	1	 2.869530538e-03 3.676727907e-05
2439	3119	1	 1.181914053e-03 6.237514703e-06
2440	2484	1	 2.562805514e-03 2.932723297e-05
2440	2494	1	 5.123221735e-03 1.171995907e-04
2440	2497	1	 1.064447604e-03 5.059275936e-06
2440	3108	1	 3.927626983e-03 6.888112946e-05
2440	3109	1	 1.416496780e-03 8.959235925e-06
2440	3114	1	 4.654238472e-03 9.672462465e-05
2440	3115	1	 1.916141883e-03 1.639438453e-05
2440	3116	1	 2.181106407e-03 2.124190668e-05
2440	3118	1	 5.157694176e-03 1.187820904e-04
2440	3120	1	 1.174541248e-03 6.159937928e-06
2440	3121	1	 2.609986626e-03 3.041699831e-05
2440	3122	1	 2.392356679e-03 2.555592757e-05
2440	3123	1	 7.493529509e-04 2.507336561e-06
2440	3124	1	 2.119322832e-03 2.005552446e-05
2440	3125	1	 4.347267630e-04 8.438641645e-07
2440	3126	1	 4.389067846e-04 8.601701713e-07
2441	2482	1	 1.612063193e-03 1.160389831e-05
2441	2483	1	 3.957759826e-03 6.994209894e-05
2441	2484	1	 3.935883846e-04 6.917104490e-07
2441	2485	1	 4.635482764e-03 9.594663121e-05
2441	2487	1	 4.506612044e-03 9.068597691e-05
2441	2488	1	 4.519785523e-03 9.121692827e-05
2441	2493	1	 4.736133795e-03 1.001584777e-04
2441	2494	1	 5.155914243e-03 1.187001206e-04
2441	2497	1	 1.434258359e-03 9.185325888e-06
2441	3109	1	 3.802512333e-03 6.456260606e-05
2441	3115	1	 2.996118459e-03 4.008277218e-05
2441	3116	1	 2.103297113e-03 1.975336284e-05
2441	3117	1	 4.853798395e-03 1.051969764e-04
2441	3120	1	 8.301362751e-04 3.077078485e-06
2441	3121	1	 1.171326888e-03 6.126268332e-06
2441	3122	1	 8.169488469e-04 2.980090945e-06
2441	3123	1	 1.964088798e-04 1.722511091e-07
2441	3124	1	 7.589770676e-04 2.572154773e-06
2441	3125	1	 1.732073580e-04 1.339591751e-07
2441	3126	1	 3.816072399e-04 6.502389804e-07
2441	3127	1	 3.344286408e-03 4.993979063e-05
2442	2482	1	 1.450672832e-03 9.396773207e-06
2442	2483	1	 2.466561020e-03 2.716586371e-05
2442	2484	1	 4.709406338e-04 9.903121733e-07
2442	3116	1	 4.615145560e-03 9.510658678e-05
2442	3120	1	 2.504297762e-03 2.800346168e-05
2442	3121	1	 2.725694881e-03 3.317372704e-05
2442	3122	1	 1.170857135e-03 6.121355519e-06
2442	3123	1	 2.247710312e-04 2.255903227e-07
2442	3124	1	 2.396121516e-03 2.563642529e-05
2442	3125	1	 1.097959627e-03 5.382853146e-06
2442	3126	1	 1.979422457e-03 1.749511396e-05
2442	3127	1	 3.567525634e-03 5.682952086e-05
2442	3128	1	 3.784956456e-03 6.396782213e-05
2442	3133	1	 4.256658161e-03 8.090536827e-05
2443	2482	1	 3.327080357e-03 4.942724112e-05
2443	2483	1	 4.876823113e-03 1.061973786e-04
2443	2484	1	 1.715998301e-03 1.314841783e-05
2443	3122	1	 4.458896652e-03 8.877580163e-05
2443	3123	1	 1.171259405e-03 6.125562459e-06
2443	3125	1	 3.967319662e-03 7.028039261e-05
2444	2479	1	 2.172917217e-03 2.108269625e-05
2444	2480	1	 1.460008235e-03 9.518103009e-06
2444	2481	1	 2.232799904e-03 2.226072985e-05
2444	2482	1	 6.764577822e-04 2.043248480e-06
2444	2483	1	 2.543210793e-03 2.888048655e-05
2444	2484	1	 2.164607627e-04 2.092175723e-07
2444	2485	1	 1.219936428e-03 6.645293839e-06
2444	2486	1	 1.762924834e-03 1.387737682e-05
2444	2487	1	 1.096778759e-03 5.371280731e-06
2444	2488	1	 1.496679987e-03 1.000224971e-05
2444	2493	1	 1.069171133e-03 5.104277046e-06
2444	2494	1	 1.564047778e-03 1.092294686e-05
2444	2497	1	 4.126968069e-04 7.605048834e-07
2444	3120	1	 2.534961124e-03 2.869342535e-05
2444	3121	1	 2.880639102e-03 3.705249801e-05
2444	3122	1	 2.638250839e-03 3.107935230e-05
2444	3123	1	 1.078678322e-03 5.195456245e-06
2444	3124	1	 1.171680249e-03 6.129965186e-06
2444	3125	1	 2.674311426e-04 3.193476681e-07
2444	3126	1	 9.262436941e-04 3.830807405e-06
2445	2480	1	 4.078137623e-03 7.426147052e-05
2445	2481	1	 4.571358748e-03 9.331047486e-05
2445	2482	1	 3.110591162e-03 4.320416910e-05
2445	2484	1	 1.665784767e-03 1.239017847e-05
2445	2485	1	 3.407529591e-03 5.184645438e-05
2445	2486	1	 3.236117602e-03 4.676149432e-05
2445	2487	1	 1.838513137e-03 1.509291980e-05
2445	2488	1	 3.032866584e-03 4.107205206e-05
2445	2493	1	 1.081415466e-03 5.221856614e-06
2445	2494	1	 1.224793557e-03 6.698315133e-06
2445	2495	1	 3.644535426e-03 5.930948347e-05
2445	2496	1	 3.232584837e-03 4.665945401e-05
2445	2497	1	 2.209653081e-04 2.180158045e-07
2445	3123	1	 4.347949958e-03 8.441290836e-05
2445	3124	1	 4.731962003e-03 9.998210750e-05
2445	3125	1	 1.171134730e-03 6.124258453e-06
2445	3126	1	 2.331541453e-03 2.427314623e-05
2446	2484	1	 4.533004056e-03 9.175125324e-05
2446	2487	1	 4.629330037e-03 9.569209822e-05
2446	2493	1	 2.730759818e-03 3.329712967e-05
2446	2494	1	 1.930616447e-03 1.664300688e-05
2446	2495	1	 5.010019999e-03 1.120775706e-04
2446	2496	1	 4.905989624e-03 1.074714332e-04
2446	2497	1	 2.641877634e-04 3.116486041e-07
2446	3109	1	 2.062975517e-03 1.900325243e-05
2446	3120	1	 3.791337949e-03 6.418370535e-05
2446	3123	1	 3.664287704e-03 5.995410446e-05
2446	3124	1	 4.804359144e-03 1.030648843e-04
2446	3125	1	 1.003174037e-03 4.493578747e-06
2446	3126	1	 1.174499235e-03 6.159497262e-06
2447	2479	1	 4.725377250e-03 9.970404130e-05
2447	2482	1	 8.895235167e-04 3.533089655e-06
2447	2483	1	 1.116469036e-03 5.565871240e-06
2447	2484	1	 2.300590955e-04 2.363298643e-07
2447	3116	1	 3.968958927e-03 7.033848321e-05
2447	3120	1	 2.154181584e-03 2.072069925e-05
2447	3121	1	 1.649714510e-03 1.215226910e-05
2447	3122	1	 4.231028988e-04 7.993404512e-07
2447	3123	1	 5.923511247e-05 1.566744665e-08
2447	3124	1	 1.724042669e-03 1.327198280e-05
2447	3125	1	 1.252447744e-03 7.004207756e-06
2447	3126	1	 2.464729766e-03 2.712554106e-05
2447	3127	1	 1.171771373e-03 6.130918701e-06
2447	3128	1	 9.609995096e-04 4.123691065e-06
2447	3129	1	 2.132005056e-03 2.029627087e-05
2447	3131	1	 3.551394913e-03 5.631676845e-05
2447	3132	1	 2.998658254e-03 4.015075692e-05
2447	3133	1	 1.795055308e-03 1.438783532e-05
2447	3135	1	 2.924164421e-03 3.818065433e-05
2447	3139	1	 2.042309310e-03 1.862442287e-05
2447	3143	1	 4.663500256e-03 9.710996542e-05
2448	2482	1	 1.756937223e-03 1.378327045e-05
2448	2483	1	 1.309772959e-03 7.660053974e-06
2448	2484	1	 8.155973575e-04 2.970239093e-06
2448	3122	1	 1.402361352e-03 8.781317071e-06
2448	3123	1	 3.181773085e-04 4.520413853e-07
2448	3127	1	 2.333121462e-03 2.430605560e-05
2448	3128	1	 1.171539635e-03 6.128493955e-06
2448	3129	1	 2.090565502e-03 1.951494576e-05
2448	3131	1	 3.491517857e-03 5.443375883e-05
2448	3132	1	 2.723687300e-03 3.312487753e-05
2448	3133	1	 2.226100531e-03 2.212734647e-05
2448	3134	1	 4.635072734e-03 9.592965812e-05
2448	3135	1	 3.290397120e-03 4.834331442e-05
2448	3139	1	 1.307370254e-03 7.631975866e-06
2448	3140	1	 3.816420759e-03 6.503577034e-05
2448	3142	1	 4.411357846e-03 8.689291514e-05
2448	3143	1	 3.104388424e-03 4.303203658e-05
2449	2479	1	 4.099018590e-03 7.502388775e-05
2449	2482	1	 6.857368823e-04 2.099688197e-06
2449	2483	1	 2.706259342e-04 3.270232389e-07
2449	2484	1	 4.598936682e-04 9.443971119e-07
2449	2559	1	 4.354426092e-03 8.466455636e-05
2449	3122	1	 2.332928150e-03 2.430202800e-05
2449	3123	1	 8.498136380e-04 3.224684148e-06
2449	3127	1	 2.777399382e-03 3.444422827e-05
2449	3128	1	 1.165306112e-03 6.063450527e-06
2449	3129	1	 1.169915759e-03 6.111516260e-06
2449	3130	1	 3.555884181e-03 5.645923689e-05
2449	3131	1	 4.010001681e-03 7.180073649e-05
2449	3132	1	 4.529267117e-03 9.160003895e-05
2449	3133	1	 5.145765150e-03 1.182332731e-04
2449	3139	1	 4.785301600e-04 1.022488471e-06
2449	3140	1	 1.121455625e-03 5.615701006e-06
2449	3141	1	 1.870532098e-03 1.562320458e-05
2449	3142	1	 1.099754395e-03 5.400465575e-06
2449	3143	1	 6.342981666e-04 1.796497850e-06
2449	3144	1	 2.905240016e-03 3.768806363e-05
2450	2468	1	 3.800640313e-03 6.449905191e-05
2450	2469	1	 3.176197592e-03 4.504585288e-05
2450	2478	1	 2.802016136e-03 3.505750895e-05
2450	2479	1	 1.470088668e-03 9.649989696e-06
2450	2480	1	 4.938600593e-03 1.089049445e-04
2450	2482	1	 1.962987248e-04 1.720579509e-07
2450	2483	1	 5.407341415e-05 1.305591676e-08
2450	2484	1	 1.077281717e-04 5.182011452e-08
2450	2559	1	 3.251869003e-03 4.721781370e-05
2450	2561	1	 4.945347084e-03 1.092026921e-04
2450	2562	1	 3.451171698e-03 5.318301107e-05
2450	3121	1	 4.801724289e-03 1.029518675e-04
2450	3122	1	 1.218859363e-03 6.633564941e-06
2450	3123	1	 5.560859305e-04 1.380777190e-06
2450	3124	1	 4.292440013e-03 8.227128088e-05
2450	3127	1	 1.278862862e-03 7.302771992e-06
2450	3128	1	 5.500613662e-04 1.351020927e-06
2450	3129	1	 3.834703756e-04 6.566038536e-07
2450	3130	1	 1.169187189e-03 6.103906689e-06
2450	3131	1	 2.730140340e-03 3.328202434e-05
2450	3132	1	 4.277991961e-03 8.171837426e-05
2450	3139	1	 1.574574970e-04 1.107048063e-07
2450	3140	1	 3.777212019e-04 6.370631953e-07
2450	3141	1	 1.051687881e-03 4.938710040e-06
2450	3142	1	 7.679787220e-04 2.633529360e-06
2450	3143	1	 1.398783395e-04 8.736565274e-08
2450	3144	1	 7.924315626e-04 2.803905161e-06
2450	3145	1	 3.960113778e-03 7.002532245e-05
2450	3162	1	 2.970291671e-03 3.939471696e-05
2450	3163	1	 2.023583628e-03 1.828445853e-05
2450	3164	1	 4.946962353e-03 1.092740401e-04
2451	2483	1	 4.931336978e-03 1.085848288e-04
2451	2484	1	 3.099602532e-03 4.289945785e-05
2451	3122	1	 1.153200424e-03 5.938125561e-06
2451	3123	1	 2.672275417e-04 3.188616013e-07
2451	3127	1	 1.566057766e-03 1.095103948e-05
2451	3128	1	 5.464538368e-04 1.333357932e-06
2451	3129	1	 1.407627294e-03 8.847389526e-06
2451	3130	1	 5.149796797e-03 1.184186144e-04
2451	3131	1	 1.172822289e-03 6.141920800e-06
2451	3132	1	 5.970676579e-04 1.591794074e-06
2451	3133	1	 5.270558483e-04 1.240375168e-06
2451	3134	1	 9.081878031e-04 3.682910117e-06
2451	3135	1	 7.411113164e-04 2.452486804e-06
2451	3136	1	 1.204690362e-03 6.480233596e-06
2451	3137	1	 1.098623506e-03 5.389364580e-06
2451	3138	1	 2.753273475e-03 3.384842701e-05
2451	3139	1	 8.686037060e-04 3.368861415e-06
2451	3140	1	 3.351772191e-03 5.016360928e-05
2451	3141	1	 4.518204569e-03 9.115312677e-05
2451	3142	1	 3.797986375e-03 6.440900564e-05
2451	3143	1	 4.226027026e-03 7.974515928e-05
2452	3122	1	 3.389230046e-03 5.129108490e-05
2452	3123	1	 9.190293077e-04 3.771364529e-06
2452	3127	1	 5.051953111e-03 1.139615669e-04
2452	3128	1	 2.409286671e-03 2.591891071e-05
2452	3131	1	 3.296726303e-03 4.852947310e-05
2452	3132	1	 1.173014792e-03 6.143937193e-06
2452	3133	1	 7.627083356e-04 2.597507291e-06
2452	3134	1	 1.255651081e-03 7.040082354e-06
2452	3135	1	 5.288763220e-04 1.248958585e-06
2452	3136	1	 9.212392061e-04 3.789523586e-06
2452	3137	1	 5.884130934e-04 1.545982045e-06
2452	3138	1	 1.019780338e-03 4.643581345e-06
2452	3139	1	 4.470982524e-03 8.925770877e-05
2453	3122	1	 3.822681656e-03 6.524932973e-05
2453	3123	1	 9.556246815e-04 4.077692812e-06
2453	3128	1	 4.982157063e-03 1.108344113e-04
2453	3132	1	 2.635742302e-03 3.102027783e-05
2453	3133	1	 1.173999347e-03 6.154255189e-06
2453	3134	1	 3.342797508e-03 4.989533343e-05
2453	3135	1	 6.276417167e-04 1.758990091e-06
2453	3136	1	 2.180498970e-03 2.123007661e-05
2453	3137	1	 9.336135540e-04 3.892011240e-06
2453	3138	1	 1.169308035e-03 6.105168537e-06
2454	3123	1	 3.793589221e-03 6.425995172e-05
2454	3132	1	 1.803457814e-03 1.452284711e-05
2454	3133	1	 1.566828731e-03 1.096182446e-05
2454	3134	1	 1.174047785e-03 6.154763031e-06
2454	3135	1	 8.834061664e-04 3.484661864e-06
2454	3136	1	 6.178514965e-04 1.704543134e-06
2454	3137	1	 5.203962850e-04 1.209227916e-06
2454	3138	1	 6.712181268e-04 2.011718189e-06
2455	3123	1	 3.889135709e-03 6.753765627e-05
2455	3133	1	 2.982119646e-03 3.970908843e-05
2455	3135	1	 1.177208758e-03 6.187949472e-06
2455	3136	1	 3.388138493e-03 5.125805209e-05
2455	3137	1	 1.288636971e-03 7.414825998e-06
2455	3138	1	 9.427463808e-04 3.968528809e-06
2456	3132	1	 4.896223021e-03 1.070439614e-04
2456	3133	1	 3.692202089e-03 6.087103932e-05
2456	3134	1	 2.999832894e-03 4.018221895e-05
2456	3135	1	 1.558635700e-03 1.084748425e-05
2456	3136	1	 1.175711724e-03 6.172221277e-06
2456	3137	1	 7.656387731e-04 2.617505645e-06
2456	3138	1	 5.173274627e-04 1.195008123e-06
2457	3133	1	 4.766332548e-03 1.014398199e-04
2457	3135	1	 1.756346723e-03 1.377400700e-05
2457	3136	1	 2.627709921e-03 3.083149836e-05
2457	3137	1	 1.178147268e-03 6.197819878e-06
2457	3138	1	 6.254628688e-04 1.746798679e-06
2458	3135	1	 4.744121784e-03 1.004966182e-04
2458	3137	1	 2.990116917e-03 3.992235295e-05
2458	3138	1	 1.180052910e-03 6.217885926e-06
2459	2482	1	 1.764572346e-03 1.390332668e-05
2459	2483	1	 5.778167877e-04 1.490802460e-06
2459	2484	1	 1.867256793e-03 1.556853996e-05
2459	2551	1	 4.435508503e-03 8.784693674e-05
2459	2557	1	 3.556394564e-03 5.647544547e-05
2459	2559	1	 2.103479658e-03 1.975679178e-05
2459	2561	1	 3.241042969e-03 4.690394451e-05
2459	2562	1	 3.455842845e-03 5.332707449e-05
2459	3123	1	 3.914019050e-03 6.840465547e-05
2459	3128	1	 3.919207117e-03 6.858611762e-05
2459	3129	1	 3.340641408e-03 4.983098934e-05
2459	3139	1	 1.169639319e-03 6.108628421e-06
2459	3140	1	 1.785848935e-03 1.424063083e-05
2459	3141	1	 1.904720932e-03 1.619953314e-05
2459	3142	1	 7.506787416e-04 2.516216607e-06
2459	3143	1	 9.889817237e-04 4.367333144e-06
2459	3144	1	 4.308520752e-03 8.288886023e-05
2460	2482	1	 1.948249323e-03 1.694840595e-05
2460	2483	1	 4.125821990e-04 7.600825503e-07
2460	2484	1	 2.959245731e-03 3.910225912e-05
2460	2551	1	 1.756747954e-03 1.378030096e-05
2460	2552	1	 4.694596192e-03 9.840932975e-05
2460	2556	1	 1.959075190e-03 1.713728420e-05
2460	2557	1	 7.568048240e-04 2.557452481e-06
2460	2558	1	 2.505636892e-03 2.803341843e-05
2460	2559	1	 3.325793062e-04 4.938900031e-07
2460	2560	1	 1.485742130e-03 9.856589426e-06
2460	2561	1	 5.283966403e-04 1.246694045e-06
2460	2562	1	 6.504498443e-04 1.889154242e-06
2460	3129	1	 4.405799158e-03 8.667406810e-05
2460	3139	1	 1.323883495e-03 7.825990662e-06
2460	3140	1	 1.168346636e-03 6.095133395e-06
2460	3141	1	 1.005930324e-03 4.518305485e-06
2460	3142	1	 2.549289825e-04 2.901871752e-07
2460	3143	1	 4.447883538e-04 8.833780510e-07
2460	3144	1	 2.076072171e-03 1.924529992e-05
2460	3145	1	 3.848814615e-03 6.614450577e-05
2461	2483	1	 2.758022993e-03 3.396530780e-05
2461	2551	1	 2.072164237e-04 1.917291461e-07
2461	2552	1	 9.275651323e-04 3.841745750e-06
2461	2553	1	 4.497664823e-03 9.032624677e-05
2461	2555	1	 1.534077468e-03 1.050834619e-05
2461	2556	1	 5.321787901e-04 1.264605055e-06
2461	2557	1	 2.309518072e-04 2.381675118e-07
2461	2558	1	 9.331013376e-04 3.887741797e-06
2461	2559	1	 2.067735349e-04 1.909104470e-07
2461	2560	1	 8.739891558e-04 3.410765629e-06
2461	2561	1	 4.438756450e-04 8.797563747e-07
2461	2562	1	 1.048759480e-03 4.911244876e-06
2461	3139	1	 3.018744689e-03 4.069045609e-05
2461	3140	1	 2.345009984e-03 2.455439182e-05
2461	3141	1	 1.168685761e-03 6.098672260e-06
2461	3142	1	 2.151634083e-04 2.067172028e-07
2461	3143	1	 1.397052540e-03 8.714957394e-06
2461	3144	1	 5.215329511e-03 1.214516154e-04
2461	3145	1	 3.588668616e-03 5.750511854e-05
2461	3231	1	 3.135523458e-03 4.389953278e-05
2462	2551	1	 1.244031533e-04 6.910390138e-08
2462	2552	1	 8.846100629e-04 3.494166056e-06
2462	2553	1	 3.831305105e-03 6.554404896e-05
2462	2554	1	 4.418919992e-03 8.719108186e-05
2462	2555	1	 1.377724754e-03 8.475487996e-06
2462	2556	1	 5.687918605e-04 1.444596424e-06
2462	2557	1	 4.777901792e-04 1.019328641e-06
2462	2558	1	 7.297966952e-04 2.378173713e-06
2462	2559	1	 5.368419192e-04 1.286863936e-06
2462	2560	1	 8.089350742e-04 2.921911933e-06
2462	2561	1	 7.001403448e-04 2.188819746e-06
2462	2562	1	 1.702972343e-03 1.294955903e-05
2462	3141	1	 4.550414297e-03 9.245739823e-05
2462	3142	1	 1.168581963e-03 6.097588991e-06
2462	3143	1	 4.970965742e-03 1.103370402e-04
2463	2468	1	 4.570144084e-03 9.326089405e-05
2463	2478	1	 3.259805002e-03 4.744855963e-05
2463	2479	1	 4.049826924e-03 7.323399338e-05
2463	2482	1	 1.076852634e-03 5.177884266e-06
2463	2483	1	 2.008562362e-04 1.801401128e-07
2463	2484	1	 2.681067540e-03 3.209632427e-05
2463	2551	1	 3.744649253e-03 6.261264927e-05
2463	2556	1	 2.789120462e-03 3.473556229e-05
2463	2557	1	 1.540705692e-03 1.059934831e-05
2463	2558	1	 2.250673298e-03 2.261854721e-05
2463	2559	1	 5.589134825e-04 1.394854673e-06
2463	2560	1	 9.407190362e-04 3.951478784e-06
2463	2561	1	 4.008547194e-04 7.174865957e-07
2463	2562	1	 3.186780267e-04 4.534652673e-07
2463	3139	1	 4.832298046e-03 1.042670810e-04
2463	3140	1	 3.857250400e-03 6.643477297e-05
2463	3141	1	 4.036225028e-03 7.274288677e-05
2463	3142	1	 1.408172216e-03 8.854240862e-06
2463	3143	1	 1.167342000e-03 6.084655748e-06
2463	3144	1	 3.301480197e-03 4.866953342e-05
2464	2466	1	 2.419010043e-03 2.612853937e-05
2464	2467	1	 1.358421395e-03 8.239650978e-06
2464	2468	1	 1.046356263e-03 4.888762574e-06
2464	2469	1	 1.918846817e-03 1.644070368e-05
2464	2478	1	 8.427770257e-04 3.171503288e-06
2464	2479	1	 1.517832663e-03 1.028697249e-05
2464	2480	1	 5.171774983e-03 1.194315398e-04
2464	2482	1	 4.765526924e-04 1.014055313e-06
2464	2483	1	 4.747023780e-05 1.006196041e-08
2464	2484	1	 1.766781685e-03 1.393816389e-05
2464	2556	1	 2.877857742e-03 3.698098154e-05
2464	2557	1	 1.423428248e-03 9.047132485e-06
2464	2558	1	 1.957822365e-03 1.711537268e-05
2464	2559	1	 3.127011177e-04 4.366150048e-07
2464	2560	1	 5.225918554e-04 1.219452992e-06
2464	2561	1	 1.409379448e-04 8.869428934e-08
2464	2562	1	 4.337079072e-05 8.399133222e-09
2464	2720	1	 3.527655682e-03 5.556638809e-05
2464	3139	1	 4.455031429e-03 8.862195660e-05
2464	3140	1	 2.749044690e-03 3.374453047e-05
2464	3141	1	 3.540152675e-03 5.596078189e-05
2464	3142	1	 1.429116773e-03 9.119588082e-06
2464	3143	1	 5.319811099e-04 1.263665742e-06
2464	3144	1	 1.166356525e-03 6.074386700e-06
2465	2551	1	 8.833386508e-05 3.484129244e-08
2465	2552	1	 3.240283702e-04 4.688197106e-07
2465	2553	1	 2.007378649e-03 1.799278501e-05
2465	2554	1	 3.469857048e-03 5.376045748e-05
2465	2555	1	 7.905355933e-04 2.790503983e-06
2465	2556	1	 3.289917285e-04 4.832921574e-07
2465	2557	1	 9.342662273e-05 3.897454819e-08
2465	2558	1	 9.983090703e-04 4.450100547e-06
2465	2559	1	 1.495021843e-04 9.980099372e-08
2465	2560	1	 1.252866642e-03 7.008893844e-06
2465	2561	1	 5.983413585e-04 1.598592739e-06
2465	2562	1	 1.703615377e-03 1.295934025e-05
2465	2563	1	 5.170313478e-03 1.193640485e-04
2465	3139	1	 1.826971928e-03 1.490402390e-05
2465	3140	1	 1.287253911e-03 7.398918267e-06
2465	3141	1	 3.830332902e-04 6.551078925e-07
2465	3142	1	 4.484293918e-05 8.978999143e-09
2465	3143	1	 1.130094687e-03 5.702554649e-06
2465	3144	1	 4.612398048e-03 9.499338182e-05
2465	3145	1	 1.169213508e-03 6.104181495e-06
2465	3231	1	 7.710167368e-04 2.654406308e-06
2465	3232	1	 4.374412862e-03 8.544355889e-05
2465	3238	1	 4.983641113e-03 1.109004503e-04
