1	2	1	 1.459235759e-01 1.000000000e+04
2	3	1	 1.489705340e-01 1.000000000e+04
2	5	1	 1.555856356e-01 1.000000000e+04
3	4	1	 1.230103248e-01 1.000000000e+04
3	13	1	 1.331533327e-01 1.000000000e+04
5	6	1	 1.517364162e-01 1.000000000e+04
6	7	1	 1.387816991e-01 1.000000000e+04
6	8	1	 1.393156488e-01 1.000000000e+04
7	9	1	 1.394055236e-01 1.000000000e+04
8	10	1	 1.396226701e-01 1.000000000e+04
9	11	1	 1.384464156e-01 1.000000000e+04
10	11	1	 1.387981628e-01 1.000000000e+04
11	12	1	 1.367855621e-01 1.000000000e+04
13	14	1	 1.467159501e-01 1.000000000e+04
14	15	1	 1.513806461e-01 1.000000000e+04
14	17	1	 1.543992876e-01 1.000000000e+04
15	16	1	 1.220356096e-01 1.000000000e+04
15	20	1	 1.345553789e-01 1.000000000e+04
17	18	1	 1.408920509e-01 1.000000000e+04
17	19	1	 1.553163868e-01 1.000000000e+04
20	21	1	 1.464902045e-01 1.000000000e+04
21	22	1	 1.513079641e-01 1.000000000e+04
21	24	1	 1.565556131e-01 1.000000000e+04
22	23	1	 1.226478699e-01 1.000000000e+04
22	28	1	 1.336700789e-01 1.000000000e+04
24	25	1	 1.549049386e-01 1.000000000e+04
24	26	1	 1.528375281e-01 1.000000000e+04
25	27	1	 1.574127377e-01 1.000000000e+04
28	29	1	 1.462869099e-01 1.000000000e+04
29	30	1	 1.518159741e-01 1.000000000e+04
29	32	1	 1.514953135e-01 1.000000000e+04
30	31	1	 1.234551741e-01 1.000000000e+04
30	33	1	 1.343764116e-01 1.000000000e+04
33	34	1	 1.449364688e-01 1.000000000e+04
34	35	1	 1.526786495e-01 1.000000000e+04
34	37	1	 1.540590471e-01 1.000000000e+04
35	36	1	 1.232062093e-01 1.000000000e+04
35	38	1	 1.332012763e-01 1.000000000e+04
38	39	1	 1.466983640e-01 1.000000000e+04
39	40	1	 1.517780287e-01 1.000000000e+04
39	42	1	 1.540508033e-01 1.000000000e+04
40	41	1	 1.233004461e-01 1.000000000e+04
40	46	1	 1.345069143e-01 1.000000000e+04
42	43	1	 1.522459523e-01 1.000000000e+04
43	44	1	 1.536789185e-01 1.000000000e+04
43	45	1	 1.538155714e-01 1.000000000e+04
46	47	1	 1.456009959e-01 1.000000000e+04
47	48	1	 1.507420645e-01 1.000000000e+04
47	50	1	 1.546054333e-01 1.000000000e+04
48	49	1	 1.231842117e-01 1.000000000e+04
48	54	1	 1.350707222e-01 1.000000000e+04
50	51	1	 1.513807451e-01 1.000000000e+04
51	52	1	 1.563141068e-01 1.000000000e+04
51	53	1	 1.551776724e-01 1.000000000e+04
54	55	1	 1.460835377e-01 1.000000000e+04
55	56	1	 1.547684076e-01 1.000000000e+04
55	58	1	 1.527945680e-01 1.000000000e+04
56	57	1	 1.241207477e-01 1.000000000e+04
56	60	1	 1.340034328e-01 1.000000000e+04
58	59	1	 1.411276727e-01 1.000000000e+04
60	61	1	 1.465693351e-01 1.000000000e+04
61	62	1	 1.527168295e-01 1.000000000e+04
61	64	1	 1.533360036e-01 1.000000000e+04
62	63	1	 1.226327036e-01 1.000000000e+04
62	67	1	 1.353708240e-01 1.000000000e+04
64	65	1	 1.499681633e-01 1.000000000e+04
65	66	1	 1.493214318e-01 1.000000000e+04
66	60	1	 1.479327550e-01 1.000000000e+04
67	68	1	 1.473894501e-01 1.000000000e+04
68	69	1	 1.503619965e-01 1.000000000e+04
68	71	1	 1.539772061e-01 1.000000000e+04
69	70	1	 1.226748956e-01 1.000000000e+04
69	79	1	 1.334284078e-01 1.000000000e+04
71	72	1	 1.503652220e-01 1.000000000e+04
72	73	1	 1.390449208e-01 1.000000000e+04
72	74	1	 1.398485610e-01 1.000000000e+04
73	75	1	 1.393856879e-01 1.000000000e+04
74	76	1	 1.398622894e-01 1.000000000e+04
75	77	1	 1.386989906e-01 1.000000000e+04
76	77	1	 1.381146263e-01 1.000000000e+04
77	78	1	 1.363245026e-01 1.000000000e+04
79	80	1	 1.462624012e-01 1.000000000e+04
80	81	1	 1.505712788e-01 1.000000000e+04
80	83	1	 1.532788635e-01 1.000000000e+04
81	82	1	 1.227308030e-01 1.000000000e+04
81	85	1	 1.231378496e-01 1.000000000e+04
83	84	1	 1.415127556e-01 1.000000000e+04
