[ dihedrals ]
 ;ai  aj  ak  al  func phi0 Kd mult
   1   2   3   4     1             
   1   2   3  13     1             
   1   2   5   6     1             
   1   3   2   5     2             
   2   3  13  14     2             
   2   5   6   7     1             
   2   5   6   8     1             
   3   2   5   6     1             
   3  13  14  15     1             
   3  13  14  17     1             
   4   2   3  13     2             
   4   3   2   5     1             
   4   3  13  14     2             
   5   2   3  13     1             
   5   6   7   9     2             
   5   6   8  10     2             
   6   7   9  11     2             
   6   8  10  11     2             
   7   6   8  10     2             
   7   9  11  10     2             
   7   9  11  12     2             
   8   6   7   9     2             
   8  10  11   9     2             
   8  10  11  12     2             
  13  14  15  16     1             
  13  14  15  20     1             
  13  14  17  18     1             
  13  14  17  19     1             
  13  15  14  17     2             
  14  15  20  21     2             
  14  17  18  19     2             
  15  14  17  18     1             
  15  14  17  19     1             
  15  20  21  22     1             
  15  20  21  24     1             
  16  14  15  20     2             
  16  15  14  17     1             
  16  15  20  21     2             
  17  14  15  20     1             
  20  21  22  23     1             
  20  21  22  28     1             
  20  21  24  25     1             
  20  21  24  26     1             
  20  22  21  24     2             
  21  22  28  29     2             
  21  24  25  26     2             
  21  24  25  27     1             
  22  21  24  25     1             
  22  21  24  26     1             
  22  28  29  30     1             
  22  28  29  32     1             
  23  21  22  28     2             
  23  22  21  24     1             
  23  22  28  29     2             
  24  21  22  28     1             
  26  24  25  27     1             
  28  29  30  31     1             
  28  29  30  33     1             
  28  30  29  32     2             
  29  30  33  34     2             
  30  33  34  35     1             
  30  33  34  37     1             
  31  29  30  33     2             
  31  30  29  32     1             
  31  30  33  34     2             
  32  29  30  33     1             
  33  34  35  36     1             
  33  34  35  38     1             
  33  35  34  37     2             
  34  35  38  39     2             
  35  38  39  40     1             
  35  38  39  42     1             
  36  34  35  38     2             
  36  35  34  37     1             
  36  35  38  39     2             
  37  34  35  38     1             
  38  39  40  41     1             
  38  39  40  46     1             
  38  39  42  43     1             
  38  40  39  42     2             
  39  40  46  47     2             
  39  42  43  44     1             
  39  42  43  45     1             
  40  39  42  43     1             
  40  46  47  48     1             
  40  46  47  50     1             
  41  39  40  46     2             
  41  40  39  42     1             
  41  40  46  47     2             
  42  39  40  46     1             
  42  43  44  45     2             
  46  47  48  49     1             
  46  47  48  54     1             
  46  47  50  51     1             
  46  48  47  50     2             
  47  48  54  55     2             
  47  50  51  52     1             
  47  50  51  53     1             
  48  47  50  51     1             
  48  54  55  56     1             
  48  54  55  58     1             
  49  47  48  54     2             
  49  48  47  50     1             
  49  48  54  55     2             
  50  47  48  54     1             
  50  51  52  53     2             
  54  55  56  57     1             
  54  55  56  60     1             
  54  55  58  59     1             
  54  56  55  58     2             
  55  56  60  61     2             
  55  56  60  66     2             
  56  55  58  59     1             
  56  60  61  62     2             
  56  60  61  64     2             
  56  60  66  65     2             
  57  55  56  60     2             
  57  56  55  58     1             
  57  56  60  61     2             
  57  56  60  66     2             
  58  55  56  60     1             
  60  61  62  63     1             
  60  61  62  67     1             
  60  61  64  65     2             
  60  62  61  64     2             
  60  66  65  64     2             
  61  60  66  65     2             
  61  62  67  68     2             
  61  64  65  66     2             
  62  61  60  66     2             
  62  61  64  65     2             
  62  67  68  69     1             
  62  67  68  71     1             
  63  61  62  67     2             
  63  62  61  64     1             
  63  62  67  68     2             
  64  61  60  66     2             
  64  61  62  67     1             
  67  68  69  70     1             
  67  68  69  79     1             
  67  68  71  72     1             
  67  69  68  71     2             
  68  69  79  80     2             
  68  71  72  73     1             
  68  71  72  74     1             
  69  68  71  72     1             
  69  79  80  81     1             
  69  79  80  83     1             
  70  68  69  79     2             
  70  69  68  71     1             
  70  69  79  80     2             
  71  68  69  79     1             
  71  72  73  75     2             
  71  72  74  76     2             
  72  73  75  77     2             
  72  74  76  77     2             
  73  72  74  76     2             
  73  75  77  76     2             
  73  75  77  78     2             
  74  72  73  75     2             
  74  76  77  75     2             
  74  76  77  78     2             
  79  80  81  82     1             
  79  80  81  85     1             
  79  80  83  84     1             
  79  81  80  83     2             
  81  80  83  84     1             
  82  81  80  83     1             
  83  80  81  85     1             