2381	3061	1	 1.221593864e-03 6.663363028e-06
2381	3062	1	 4.433956631e-03 8.778547665e-05
2381	3064	1	 2.410930206e-03 2.595428480e-05
2382	3061	1	 3.531671703e-04 5.569297801e-07
2382	3062	1	 1.220226185e-03 6.648450972e-06
2382	3063	1	 1.316997346e-03 7.744788977e-06
2382	3064	1	 4.957798480e-04 1.097532855e-06
2382	3065	1	 1.479946657e-03 9.779843691e-06
2382	3066	1	 2.691112954e-03 3.233729163e-05
2382	3068	1	 2.458470931e-03 2.698795297e-05
2382	3073	1	 5.107637585e-03 1.164876645e-04
2383	3061	1	 9.438922762e-04 3.978182057e-06
2383	3062	1	 2.026184740e-03 1.833149439e-05
2383	3063	1	 1.217966141e-03 6.623845895e-06
2383	3064	1	 3.008950970e-04 4.042686013e-07
2383	3065	1	 2.844767265e-03 3.613543387e-05
2383	3073	1	 4.152933590e-03 7.701046795e-05
2384	3061	1	 3.443503632e-03 5.294694179e-05
2384	3063	1	 4.195351361e-03 7.859166101e-05
2384	3064	1	 1.218619148e-03 6.630950490e-06
2385	3061	1	 8.166486397e-04 2.977901138e-06
2385	3062	1	 1.830966182e-03 1.496926358e-05
2385	3063	1	 2.327509095e-03 2.418925891e-05
2385	3064	1	 1.324114161e-03 7.828718008e-06
2385	3065	1	 1.217425141e-03 6.617962808e-06
2385	3066	1	 1.863185829e-03 1.550072939e-05
2385	3068	1	 1.103159126e-03 5.433955954e-06
2385	3070	1	 3.158563285e-03 4.454705062e-05
2386	3061	1	 1.036587560e-03 4.797906441e-06
2386	3062	1	 2.612754187e-03 3.048153928e-05
2386	3063	1	 4.925602798e-03 1.083324498e-04
2386	3064	1	 3.821124980e-03 6.519619874e-05
2386	3065	1	 1.432344256e-03 9.160825510e-06
2386	3066	1	 1.219461523e-03 6.640121003e-06
2386	3067	1	 4.142527953e-03 7.662503482e-05
2386	3068	1	 4.482874527e-04 8.973315889e-07
2386	3070	1	 9.914071432e-04 4.388780667e-06
2386	3071	1	 3.615583920e-03 5.837093931e-05
2387	3061	1	 3.366941151e-04 5.061868293e-07
2387	3062	1	 1.212204122e-03 6.561321260e-06
2387	3063	1	 3.456640457e-03 5.335169320e-05
2387	3064	1	 3.214067003e-03 4.612640862e-05
2387	3065	1	 6.901017421e-04 2.126503183e-06
2387	3066	1	 3.699285920e-04 6.110483682e-07
2387	3067	1	 1.222309163e-03 6.671168724e-06
2387	3068	1	 1.255004080e-04 7.032829121e-08
2387	3069	1	 1.757903360e-03 1.379843341e-05
2387	3070	1	 2.574573105e-04 2.959717403e-07
2387	3071	1	 9.677518191e-04 4.181843562e-06
2387	3072	1	 2.741176708e-03 3.355164791e-05
2388	3061	1	 4.872386651e-03 1.060042503e-04
2388	3065	1	 5.080076708e-03 1.152339184e-04
2388	3066	1	 3.780413914e-03 6.381437138e-05
2388	3068	1	 1.218718794e-03 6.632034952e-06
2388	3070	1	 1.750714903e-03 1.368581443e-05
2389	3061	1	 1.178341643e-03 6.199865131e-06
2389	3062	1	 3.349716470e-03 5.010209510e-05
2389	3065	1	 1.846834246e-03 1.522985006e-05
2389	3066	1	 6.339955837e-04 1.794784272e-06
2389	3067	1	 1.390926359e-03 8.638693478e-06
2389	3068	1	 1.619095704e-04 1.170536150e-07
2389	3069	1	 1.224468653e-03 6.694761847e-06
2389	3070	1	 1.222095278e-04 6.668834227e-08
2389	3071	1	 4.377261573e-04 8.555488050e-07
2389	3072	1	 9.587070475e-04 4.104040420e-06
2390	3066	1	 4.943524452e-03 1.091222125e-04
2390	3068	1	 1.389912026e-03 8.626098534e-06
2390	3070	1	 1.220817895e-03 6.654900441e-06
2390	3071	1	 4.168872082e-03 7.760271730e-05
2391	3066	1	 2.464291286e-03 2.711589056e-05
2391	3067	1	 4.907691939e-03 1.075460285e-04
2391	3068	1	 6.182444109e-04 1.706711786e-06
2391	3069	1	 3.820664491e-03 6.518048592e-05
2391	3070	1	 3.615961284e-04 5.838312450e-07
2391	3071	1	 1.223705197e-03 6.686416089e-06
2391	3072	1	 1.757135770e-03 1.378638585e-05
2392	3068	1	 1.607460161e-03 1.153772614e-05
2392	3069	1	 4.936398961e-03 1.088078663e-04
2392	3070	1	 6.104548670e-04 1.663975436e-06
2392	3071	1	 1.390590715e-03 8.634524782e-06
2392	3072	1	 1.226002479e-03 6.711544693e-06
2393	3061	1	 6.915389765e-04 2.135369894e-06
2393	3062	1	 9.520355472e-04 4.047120343e-06
2393	3063	1	 3.399896392e-04 5.161443230e-07
2393	3064	1	 5.721112713e-05 1.461506656e-08
2393	3065	1	 1.388480982e-03 8.608344936e-06
2393	3066	1	 4.746213600e-03 1.005852613e-04
2393	3073	1	 1.215811505e-03 6.600430878e-06
2393	3074	1	 1.488017658e-03 9.886804789e-06
2393	3075	1	 4.080374383e-03 7.434295414e-05
2393	3077	1	 4.707354297e-03 9.894493389e-05
2393	3078	1	 5.075015600e-03 1.150044255e-04
2393	3080	1	 4.211145860e-03 7.918453267e-05
2394	3061	1	 2.835598971e-03 3.590289012e-05
2394	3062	1	 2.891166448e-03 3.732381088e-05
2394	3063	1	 7.912739981e-04 2.795719393e-06
2394	3064	1	 1.548679952e-04 1.070935074e-07
2394	3065	1	 4.312442136e-03 8.303981086e-05
2394	3073	1	 1.715777167e-03 1.314502928e-05
2394	3074	1	 1.213866395e-03 6.579328440e-06
2394	3075	1	 3.038052148e-03 4.121262128e-05
2394	3077	1	 3.506809668e-03 5.491161036e-05
2394	3078	1	 4.837316024e-03 1.044837404e-04
2394	3079	1	 2.844547796e-03 3.612985851e-05
2394	3080	1	 2.304246165e-03 2.370814291e-05
2395	3062	1	 3.884521607e-03 6.737749689e-05
2395	3063	1	 1.008644972e-03 4.542724984e-06
2395	3064	1	 3.459642847e-04 5.344441455e-07
2395	3065	1	 4.325274943e-03 8.353475982e-05
2395	3073	1	 1.400890817e-03 8.762910309e-06
2395	3074	1	 7.501931015e-04 2.512962004e-06
2395	3075	1	 1.210038556e-03 6.537898998e-06
2395	3076	1	 4.178713640e-03 7.796954701e-05
2395	3077	1	 2.939179912e-03 3.857377395e-05
2395	3079	1	 2.449206599e-03 2.678493714e-05
2395	3080	1	 6.136371055e-04 1.681368919e-06
2395	3081	1	 2.009769651e-03 1.803567320e-05
2395	3082	1	 3.372273248e-03 5.077913568e-05
2395	3083	1	 1.753577247e-03 1.373060246e-05
2395	3084	1	 1.719175437e-03 1.319715096e-05
2395	3085	1	 3.380347853e-03 5.102259893e-05
2395	3087	1	 4.888774440e-03 1.067185191e-04
2396	3061	1	 3.338725581e-03 4.977385051e-05
2396	3062	1	 1.712139791e-03 1.308935453e-05
2396	3063	1	 3.666122059e-04 6.001414593e-07
2396	3064	1	 1.770234588e-04 1.399269712e-07
2396	3065	1	 1.611219826e-03 1.159176009e-05
2396	3073	1	 4.100214974e-04 7.506768870e-07
2396	3074	1	 2.195880470e-04 2.153065202e-07
2396	3075	1	 2.966444749e-04 3.929274026e-07
2396	3076	1	 1.209507129e-03 6.532157610e-06
2396	3077	1	 1.461074261e-03 9.532007380e-06
2396	3078	1	 3.386035648e-03 5.119444531e-05
2396	3079	1	 1.700980544e-03 1.291928509e-05
2396	3080	1	 1.541146532e-04 1.060541473e-07
2396	3081	1	 6.650279236e-04 1.974783782e-06
2396	3082	1	 1.739412114e-03 1.350967092e-05
2396	3083	1	 1.173126573e-03 6.145108200e-06
2396	3084	1	 5.008286018e-04 1.120000034e-06
2396	3085	1	 8.843458553e-04 3.492079154e-06
2396	3086	1	 2.551619822e-03 2.907178674e-05
2396	3087	1	 1.497919578e-03 1.001882484e-05
2397	3061	1	 2.892172247e-03 3.734978433e-05
2397	3062	1	 2.827053425e-03 3.568681762e-05
2397	3063	1	 5.875747039e-04 1.541579657e-06
2397	3064	1	 8.804184974e-05 3.461131553e-08
2397	3073	1	 1.158320591e-03 5.990972738e-06
2397	3074	1	 5.996615972e-04 1.605655104e-06
2397	3075	1	 2.201066657e-03 2.163247345e-05
2397	3077	1	 1.216266679e-03 6.605373923e-06
2397	3078	1	 1.578448481e-03 1.112501519e-05
2397	3079	1	 6.968591705e-04 2.168352220e-06
2397	3080	1	 1.861687113e-03 1.547580236e-05
2398	3061	1	 1.215186341e-03 6.593644809e-06
2398	3062	1	 1.738671870e-03 1.349817472e-05
2398	3063	1	 4.387258401e-04 8.594610868e-07
2398	3064	1	 4.891816002e-05 1.068513507e-08
2398	3065	1	 5.026405049e-03 1.128118589e-04
2398	3073	1	 1.286359558e-03 7.388640655e-06
2398	3074	1	 1.043961631e-03 4.866411883e-06
2398	3075	1	 4.549756386e-03 9.243066470e-05
2398	3077	1	 1.597234576e-03 1.139140245e-05
2398	3078	1	 1.218682663e-03 6.631641727e-06
2398	3079	1	 1.195881274e-03 6.385808936e-06
2398	3080	1	 5.237859079e-03 1.225031933e-04
2399	3063	1	 3.502657949e-03 5.478166738e-05
2399	3064	1	 9.407044595e-04 3.951356327e-06
2399	3073	1	 5.108409136e-03 1.165228600e-04
2399	3074	1	 2.350487345e-03 2.466923172e-05
2399	3077	1	 3.187185395e-03 4.535805706e-05
2399	3078	1	 4.386402224e-03 8.591256704e-05
2399	3079	1	 1.215917093e-03 6.601577361e-06
2399	3080	1	 4.075192946e-03 7.415426616e-05
2400	3063	1	 4.525235920e-03 9.143705740e-05
2400	3064	1	 2.013174467e-03 1.809683459e-05
2400	3074	1	 2.629318285e-03 3.086925249e-05
2400	3075	1	 3.055643114e-03 4.169126261e-05
2400	3079	1	 5.146186667e-03 1.182526441e-04
2400	3080	1	 1.207560061e-03 6.511143558e-06
2400	3081	1	 2.628980309e-03 3.086131705e-05
2400	3082	1	 3.087786725e-03 4.257301241e-05
2400	3083	1	 1.222887656e-03 6.677484860e-06
2400	3084	1	 2.025210827e-03 1.831387606e-05
2400	3085	1	 5.105379134e-03 1.163846722e-04
2400	3086	1	 5.034488836e-03 1.131750133e-04
2401	3074	1	 3.952872883e-03 6.976948008e-05
2401	3075	1	 2.977026371e-03 3.957356295e-05
2401	3080	1	 8.666456257e-04 3.353689787e-06
2401	3081	1	 1.204098311e-03 6.473865678e-06
2401	3082	1	 1.189354006e-03 6.316290109e-06
2401	3083	1	 4.014786726e-04 7.197219514e-07
2401	3084	1	 6.624040807e-04 1.959231651e-06
2401	3085	1	 2.437010856e-03 2.651885186e-05
2401	3086	1	 1.390669802e-03 8.635506948e-06
2401	3087	1	 3.059625075e-03 4.179999334e-05
2401	3088	1	 4.749199064e-03 1.007118414e-04
2402	3080	1	 1.983790399e-03 1.757241122e-05
2402	3081	1	 2.154918734e-03 2.073488271e-05
2402	3082	1	 1.202512827e-03 6.456828107e-06
2402	3083	1	 2.716369097e-04 3.294711196e-07
2402	3084	1	 1.625150356e-03 1.179307021e-05
2402	3086	1	 2.151894258e-03 2.067671984e-05
2402	3088	1	 4.101925080e-03 7.513031981e-05
2403	3082	1	 4.291712887e-03 8.224341023e-05
2403	3083	1	 1.202925586e-03 6.461261445e-06
2404	3080	1	 3.092251379e-03 4.269621467e-05
2404	3081	1	 3.277300119e-03 4.795923172e-05
2404	3082	1	 3.736736445e-03 6.234831563e-05
2404	3083	1	 1.868090997e-03 1.558245368e-05
2404	3084	1	 1.202035426e-03 6.451702368e-06
2404	3085	1	 3.113140667e-03 4.327502017e-05
2404	3086	1	 1.834372914e-03 1.502501962e-05
2404	3087	1	 2.419324043e-03 2.613532304e-05
2405	3080	1	 2.485123502e-03 2.757628397e-05
2405	3081	1	 2.717031576e-03 3.296318447e-05
2405	3082	1	 4.686826298e-03 9.808385030e-05
2405	3083	1	 3.309631227e-03 4.891015070e-05
2405	3084	1	 7.099580565e-04 2.250635544e-06
2405	3085	1	 1.202902035e-03 6.461008445e-06
2405	3086	1	 1.436250372e-03 9.210858231e-06
2405	3087	1	 6.253465461e-04 1.746149004e-06
2406	3081	1	 4.291795753e-03 8.224658626e-05
2406	3082	1	 3.776855439e-03 6.369429198e-05
2406	3083	1	 1.954518694e-03 1.705765973e-05
2406	3084	1	 1.424591362e-03 9.061923737e-06
2406	3085	1	 4.114911379e-03 7.560678353e-05
2406	3086	1	 1.196931232e-03 6.397027063e-06
2406	3087	1	 2.930833387e-03 3.835500556e-05
2407	3084	1	 2.788612794e-03 3.472291848e-05
2407	3085	1	 3.319860187e-03 4.921294762e-05
2407	3086	1	 3.974662721e-03 7.054079545e-05
2407	3087	1	 1.199973755e-03 6.429590075e-06
2408	3080	1	 1.385132524e-03 8.566875266e-06
2408	3081	1	 1.026520185e-03 4.705164121e-06
2408	3082	1	 3.356778762e-04 5.031358082e-07
2408	3083	1	 4.842735113e-05 1.047179711e-08
2408	3084	1	 8.659413012e-04 3.348240902e-06
2408	3085	1	 4.631547878e-03 9.578380943e-05
2408	3086	1	 8.308012433e-04 3.082010155e-06
2408	3088	1	 1.200990164e-03 6.440486741e-06
2408	3089	1	 1.384918540e-03 8.564228539e-06
2408	3090	1	 4.194173417e-03 7.854753427e-05
2408	3092	1	 3.878515311e-03 6.716929812e-05
2408	3093	1	 3.659552766e-03 5.979926096e-05
2409	3080	1	 4.617523262e-03 9.520460898e-05
2409	3081	1	 3.184528325e-03 4.528246102e-05
2409	3082	1	 8.427536742e-04 3.171327539e-06
2409	3083	1	 1.578240161e-04 1.112207888e-07
2409	3084	1	 3.303280080e-03 4.872261469e-05
2409	3086	1	 2.412370309e-03 2.598530024e-05
2409	3088	1	 1.792979308e-03 1.435457521e-05
2409	3089	1	 1.198007574e-03 6.408537316e-06
2409	3090	1	 3.291132595e-03 4.836492841e-05
2409	3092	1	 2.994634145e-03 4.004306701e-05
2409	3093	1	 2.272154795e-03 2.305237205e-05
2409	3096	1	 4.444947741e-03 8.822122998e-05
2410	3081	1	 3.836294039e-03 6.571485646e-05
2410	3082	1	 9.331223253e-04 3.887916688e-06
2410	3083	1	 2.939438952e-04 3.858057352e-07
2410	3084	1	 3.449770416e-03 5.313983195e-05
2410	3086	1	 1.567195872e-03 1.096696223e-05
2410	3088	1	 1.294589234e-03 7.483482922e-06
2410	3089	1	 6.349990125e-04 1.800470001e-06
2410	3090	1	 1.194824115e-03 6.374523817e-06
2410	3091	1	 4.751272347e-03 1.007997930e-04
2410	3092	1	 2.274319985e-03 2.309632727e-05
2410	3093	1	 5.128381369e-04 1.174357747e-06
2410	3094	1	 1.955026656e-03 1.706652716e-05
2410	3095	1	 2.199778458e-03 2.160715957e-05
2410	3096	1	 8.161893741e-04 2.974552664e-06
2410	3097	1	 2.818620279e-03 3.547422645e-05
2411	3080	1	 4.716189847e-03 9.931671530e-05
2411	3081	1	 1.750966966e-03 1.368975561e-05
2411	3082	1	 3.024927774e-04 4.085731365e-07
2411	3083	1	 1.236176380e-04 6.823397498e-08
2411	3084	1	 1.720869297e-03 1.322316941e-05
2411	3086	1	 5.720090609e-04 1.460984493e-06
2411	3088	1	 3.045022848e-04 4.140195995e-07
2411	3089	1	 1.088870338e-04 5.294099800e-08
2411	3090	1	 2.023803027e-04 1.828842359e-07
2411	3091	1	 1.194702657e-03 6.373227903e-06
2411	3092	1	 7.150215577e-04 2.282853602e-06
2411	3093	1	 6.971649414e-05 2.170255515e-08
2411	3094	1	 4.863404598e-04 1.056137813e-06
2411	3095	1	 8.015695305e-04 2.868944787e-06
2411	3096	1	 3.559639671e-04 5.657855691e-07
2411	3097	1	 8.130861502e-04 2.951976642e-06
2411	3098	1	 3.822622619e-03 6.524731434e-05
2412	3080	1	 4.288999490e-03 8.213944782e-05
2412	3081	1	 3.476491896e-03 5.396624894e-05
2412	3082	1	 7.605222282e-04 2.582638457e-06
2412	3083	1	 1.239554938e-04 6.860746124e-08
2412	3086	1	 4.861207681e-03 1.055183862e-04
2412	3088	1	 1.450648002e-03 9.396451533e-06
2412	3089	1	 7.473456985e-04 2.493922010e-06
2412	3090	1	 2.825476657e-03 3.564702058e-05
2412	3092	1	 1.201881769e-03 6.450053023e-06
2412	3093	1	 2.478944855e-03 2.743933118e-05
2413	3082	1	 4.162791966e-03 7.737652208e-05
2413	3083	1	 1.811034310e-03 1.464512712e-05
2413	3086	1	 4.412960851e-03 8.695607711e-05
2413	3088	1	 5.017772588e-03 1.124247004e-04
2413	3089	1	 2.610376977e-03 3.042609735e-05
2413	3090	1	 3.315641326e-03 4.908794798e-05
2413	3093	1	 1.192617671e-03 6.351002297e-06
2413	3094	1	 2.821127471e-03 3.553736391e-05
2413	3095	1	 2.202711761e-03 2.166482229e-05
2413	3096	1	 6.061782030e-04 1.640742476e-06
2413	3097	1	 3.584281497e-03 5.736460537e-05
2414	3083	1	 4.768193703e-03 1.015190557e-04
2414	3089	1	 3.649310872e-03 5.946501211e-05
2414	3090	1	 2.989408698e-03 3.990344370e-05
2414	3093	1	 7.586383131e-04 2.569859224e-06
2414	3094	1	 1.189796708e-03 6.320993086e-06
2414	3095	1	 6.540762519e-04 1.910277902e-06
2414	3096	1	 1.132275166e-04 5.724581652e-08
2414	3097	1	 1.352720543e-03 8.170637828e-06
2414	3098	1	 2.756463756e-03 3.392691436e-05
2414	3099	1	 3.945741556e-03 6.951796672e-05
2415	3093	1	 2.765597510e-03 3.415212573e-05
2415	3094	1	 3.209967534e-03 4.600881731e-05
2415	3095	1	 1.188226401e-03 6.304319063e-06
2415	3096	1	 1.971696560e-04 1.735880990e-07
2415	3097	1	 4.109640638e-03 7.541321990e-05
2415	3098	1	 3.421130284e-03 5.226115653e-05
2415	3099	1	 3.182946119e-03 4.523747576e-05
2416	3095	1	 4.759656615e-03 1.011558568e-04
2416	3096	1	 1.188343850e-03 6.305565415e-06
2417	3086	1	 4.412859703e-03 8.695209100e-05
2417	3093	1	 1.580029975e-03 1.114731932e-05
2417	3094	1	 1.887919682e-03 1.591500641e-05
2417	3095	1	 1.402816304e-03 8.787015631e-06
2417	3096	1	 4.118250383e-04 7.572953406e-07
2417	3097	1	 1.189856132e-03 6.321624510e-06
2417	3098	1	 4.971627431e-03 1.103664163e-04
2418	3093	1	 2.508048851e-03 2.808741506e-05
2418	3094	1	 2.120998803e-03 2.008725702e-05
2418	3095	1	 4.785074249e-04 1.022391315e-06
2418	3096	1	 5.952633166e-05 1.582187792e-08
2418	3097	1	 3.171023550e-03 4.489921256e-05
2418	3098	1	 1.188448328e-03 6.306674221e-06
2418	3099	1	 7.926278403e-04 2.805294334e-06
2418	3100	1	 2.557015664e-03 2.919487141e-05
2418	3102	1	 1.995099150e-03 1.777332805e-05
2418	3106	1	 2.144146967e-03 2.052810639e-05
2418	3111	1	 3.037160184e-03 4.118842500e-05
2418	3112	1	 4.891962311e-03 1.068577424e-04
2418	3113	1	 4.189900145e-03 7.838755805e-05
2419	3095	1	 1.811831269e-03 1.465801936e-05
2419	3096	1	 4.259389478e-04 8.100922869e-07
2419	3098	1	 2.734226727e-03 3.338172984e-05
2419	3099	1	 1.186976305e-03 6.291060892e-06
2419	3100	1	 2.901775305e-03 3.759822568e-05
2419	3102	1	 2.269414096e-03 2.299679351e-05
2419	3106	1	 1.754053977e-03 1.373806912e-05
2419	3109	1	 3.406274034e-03 5.180825416e-05
2419	3111	1	 3.259845694e-03 4.744974422e-05
2419	3112	1	 4.836335060e-03 1.044413680e-04
2420	3095	1	 2.177868207e-03 2.117887952e-05
2420	3096	1	 7.362554258e-04 2.420453849e-06
2420	3098	1	 2.371990318e-03 2.512265959e-05
2420	3099	1	 7.670142309e-04 2.626918706e-06
2420	3100	1	 1.184326912e-03 6.263008282e-06
2420	3101	1	 4.644255146e-03 9.631012171e-05
2420	3102	1	 1.942942900e-03 1.685620734e-05
2420	3106	1	 4.235077299e-04 8.008708243e-07
2420	3107	1	 1.468256566e-03 9.625952023e-06
2420	3108	1	 1.547868376e-03 1.069812935e-05
2420	3109	1	 5.784792081e-04 1.494222589e-06
2420	3110	1	 1.945813620e-03 1.690605461e-05
2420	3111	1	 7.244391641e-04 2.343384922e-06
2420	3112	1	 1.126579776e-03 5.667136734e-06
2420	3113	1	 2.292569598e-03 2.346847380e-05
2421	3094	1	 4.431465260e-03 8.768685376e-05
2421	3095	1	 8.418612230e-04 3.164614412e-06
2421	3096	1	 3.359126680e-04 5.038398967e-07
2421	3098	1	 7.107073525e-04 2.255388733e-06
2421	3099	1	 1.599222857e-04 1.141978077e-07
2421	3100	1	 2.081641244e-04 1.934868961e-07
2421	3101	1	 1.183969556e-03 6.259229282e-06
2421	3102	1	 6.839616886e-04 2.088831179e-06
2421	3103	1	 2.837463221e-03 3.595011398e-05
2421	3104	1	 2.982702669e-03 3.972461670e-05
2421	3106	1	 5.115440907e-05 1.168438703e-08
2421	3107	1	 3.188296403e-04 4.538968491e-07
2421	3108	1	 5.010118291e-04 1.120819684e-06
2421	3109	1	 2.287604195e-04 2.336692465e-07
2421	3110	1	 4.902656351e-04 1.073254443e-06
2421	3111	1	 1.508419949e-04 1.015978049e-07
2421	3112	1	 4.370151343e-04 8.527716310e-07
2421	3113	1	 6.023620420e-04 1.620149099e-06
2421	3114	1	 2.499046133e-03 2.788613570e-05
2421	3119	1	 4.323407729e-03 8.346265175e-05
2422	3095	1	 2.403004832e-03 2.578392788e-05
2422	3096	1	 6.946397715e-04 2.154562417e-06
2422	3098	1	 3.007267056e-03 4.038162422e-05
2422	3099	1	 1.095922252e-03 5.362894826e-06
2422	3100	1	 3.250245530e-03 4.717067915e-05
2422	3102	1	 1.188600676e-03 6.308291235e-06
2422	3106	1	 2.319603516e-03 2.402521630e-05
2422	3109	1	 4.627183571e-03 9.560338032e-05
2423	3095	1	 1.621923100e-03 1.174627889e-05
2423	3096	1	 6.512699786e-04 1.893921211e-06
2423	3098	1	 1.327083821e-03 7.863873134e-06
2423	3099	1	 2.747665768e-04 3.371068642e-07
2423	3100	1	 9.316947776e-04 3.876029841e-06
2423	3101	1	 3.668952082e-03 6.010683623e-05
2423	3102	1	 1.923350330e-04 1.651796656e-07
2423	3103	1	 1.187948544e-03 6.301370983e-06
2423	3104	1	 1.219118256e-03 6.636383260e-06
2423	3105	1	 3.114456955e-03 4.331162273e-05
2423	3106	1	 6.729508899e-04 2.022118178e-06
2423	3107	1	 3.059456246e-03 4.179538047e-05
2423	3108	1	 3.055222639e-03 4.167978946e-05
2423	3109	1	 1.960110446e-03 1.715540109e-05
2423	3119	1	 2.969474260e-03 3.937303746e-05
2424	3096	1	 3.484044339e-03 5.420097966e-05
2424	3098	1	 4.498417787e-03 9.035649275e-05
2424	3099	1	 9.899328021e-04 4.375737088e-06
2424	3100	1	 1.680332720e-03 1.260754010e-05
2424	3102	1	 6.592839338e-04 1.940817836e-06
2424	3103	1	 2.060082430e-03 1.894999003e-05
2424	3104	1	 1.186368034e-03 6.284614784e-06
2424	3106	1	 8.362246430e-04 3.122379690e-06
2424	3107	1	 2.615477040e-03 3.054510438e-05
2424	3108	1	 1.603413554e-03 1.147970931e-05
2424	3109	1	 8.145159535e-04 2.962367809e-06
2424	3114	1	 3.520868195e-03 5.535276559e-05
2424	3115	1	 4.570632314e-03 9.328082127e-05
2424	3118	1	 3.544320855e-03 5.609263605e-05
2424	3119	1	 7.299047684e-04 2.378878118e-06
2425	3095	1	 1.803352195e-03 1.452114612e-05
2425	3096	1	 9.106935430e-04 3.703260854e-06
2425	3098	1	 1.428473839e-03 9.111384456e-06
2425	3099	1	 3.932807014e-04 6.906293984e-07
2425	3100	1	 1.691950532e-03 1.278247972e-05
2425	3101	1	 5.091233857e-03 1.157406406e-04
2425	3102	1	 1.080097335e-04 5.209134588e-08
2425	3103	1	 6.844524501e-04 2.091829843e-06
2425	3104	1	 9.167021799e-04 3.752289326e-06
2425	3105	1	 1.189163128e-03 6.314262883e-06
2425	3106	1	 1.932060856e-03 1.666791945e-05
2425	3119	1	 5.090668573e-03 1.157149405e-04
2426	3096	1	 3.578863610e-03 5.719131539e-05
2426	3099	1	 3.232586734e-03 4.665950877e-05
2426	3100	1	 3.618542762e-03 5.846651508e-05
2426	3106	1	 1.182745898e-03 6.246297867e-06
2426	3107	1	 2.432330222e-03 2.641708307e-05
2426	3108	1	 1.763608833e-03 1.388814751e-05
2426	3109	1	 4.686268931e-04 9.806052305e-07
2426	3110	1	 2.748470965e-03 3.373044700e-05
2426	3111	1	 1.256707948e-03 7.051938455e-06
2426	3112	1	 1.226164811e-03 6.713322129e-06
2426	3113	1	 4.608129068e-03 9.481762195e-05
2427	3099	1	 4.987496464e-03 1.110721021e-04
2427	3100	1	 3.734284275e-03 6.226651241e-05
2427	3106	1	 9.263817863e-04 3.831949748e-06
2427	3107	1	 1.180337771e-03 6.220888241e-06
2427	3108	1	 6.001238151e-04 1.608131329e-06
2427	3109	1	 9.374038587e-05 3.923677133e-08
2427	3110	1	 1.122938588e-03 5.630562738e-06
2427	3111	1	 6.492301498e-04 1.882075969e-06
2427	3112	1	 4.744493419e-04 1.005123638e-06
2427	3113	1	 3.481023113e-03 5.410701853e-05
2427	3114	1	 2.528173838e-03 2.853997941e-05
2427	3115	1	 3.458509192e-03 5.340939498e-05
2427	3119	1	 4.500579036e-03 9.044333653e-05
2427	3126	1	 2.980759155e-03 3.967286483e-05
2428	3106	1	 3.273601949e-03 4.785105649e-05
2428	3107	1	 3.337848681e-03 4.974770821e-05
2428	3108	1	 1.179458791e-03 6.211626481e-06
2428	3109	1	 1.904402361e-04 1.619411475e-07
2428	3110	1	 3.774853728e-03 6.362679465e-05
2428	3111	1	 3.293678653e-03 4.843978869e-05
2428	3112	1	 2.444360008e-03 2.667903574e-05
2428	3114	1	 3.289181378e-03 4.830759708e-05
2428	3115	1	 2.885448954e-03 3.717633569e-05
2428	3119	1	 3.680485221e-03 6.048531490e-05
2428	3126	1	 2.620510082e-03 3.066277524e-05
2429	3108	1	 4.769904967e-03 1.015919374e-04
2429	3109	1	 1.179348707e-03 6.210467020e-06
2430	3106	1	 2.187599742e-03 2.136857280e-05
2430	3107	1	 2.203289773e-03 2.167619389e-05
2430	3108	1	 1.573383642e-03 1.105373505e-05
2430	3109	1	 4.062073248e-04 7.367756946e-07
2430	3110	1	 1.179146312e-03 6.208335577e-06
2430	3111	1	 4.893893107e-04 1.069421099e-06
2430	3112	1	 1.433137727e-04 9.170977907e-08
2430	3113	1	 2.621596147e-03 3.068819674e-05
2430	3126	1	 3.563386506e-03 5.669772742e-05
2431	3109	1	 2.432139314e-03 2.641293640e-05
2431	3110	1	 3.724971364e-03 6.195632747e-05
2431	3111	1	 1.180333410e-03 6.220842278e-06
2431	3112	1	 3.598300505e-04 5.781421712e-07
2431	3113	1	 3.868195037e-03 6.681231445e-05
2432	3111	1	 4.279257962e-03 8.176674779e-05
2432	3112	1	 1.178874714e-03 6.205475916e-06
2433	3096	1	 4.292495391e-03 8.227340370e-05
2433	3106	1	 3.634779965e-03 5.899239670e-05
2433	3109	1	 3.567020263e-03 5.681342119e-05
2433	3110	1	 2.393204898e-03 2.557405269e-05
2433	3111	1	 4.501898958e-04 9.049639443e-07
2433	3112	1	 1.221562991e-04 6.663026229e-08
2433	3113	1	 1.181479288e-03 6.232926633e-06
2434	3106	1	 2.875537217e-03 3.692136727e-05
2434	3107	1	 2.314695953e-03 2.392366400e-05
2434	3108	1	 5.057986000e-04 1.142339083e-06
2434	3109	1	 6.434980989e-05 1.848988994e-08
2434	3110	1	 3.316913427e-03 4.912562202e-05
2434	3111	1	 4.226675271e-03 7.976962593e-05
2434	3112	1	 3.834028381e-03 6.563725897e-05
2434	3114	1	 1.178779833e-03 6.204477077e-06
2434	3115	1	 7.183752283e-04 2.304318391e-06
2434	3116	1	 2.432173049e-03 2.641366913e-05
2434	3118	1	 1.686992481e-03 1.270767454e-05
2434	3119	1	 1.114996750e-03 5.551201511e-06
2434	3120	1	 2.442413879e-03 2.663657050e-05
2434	3125	1	 2.563161898e-03 2.933539003e-05
2434	3126	1	 9.154794217e-04 3.742285896e-06
2435	3108	1	 1.995774564e-03 1.778536393e-05
2435	3109	1	 4.883678493e-04 1.064961531e-06
2435	3114	1	 2.871012656e-03 3.680526961e-05
2435	3115	1	 1.178023395e-03 6.196516640e-06
2435	3116	1	 2.922940447e-03 3.814869829e-05
2435	3118	1	 2.069920627e-03 1.913141861e-05
2435	3119	1	 1.652185198e-03 1.218869595e-05
2435	3120	1	 3.072547246e-03 4.215381926e-05
2435	3123	1	 3.996783761e-03 7.132817197e-05
2435	3125	1	 3.405846201e-03 5.179524057e-05
2435	3126	1	 1.600338596e-03 1.143572093e-05
2436	3108	1	 2.294748490e-03 2.351310456e-05
2436	3109	1	 7.487041733e-04 2.502996818e-06
2436	3114	1	 2.464993090e-03 2.713133738e-05
2436	3115	1	 7.438318741e-04 2.470525601e-06
2436	3116	1	 1.176105922e-03 6.176360871e-06
2436	3117	1	 3.136529385e-03 4.392770469e-05
2436	3118	1	 1.724330217e-03 1.327641035e-05
2436	3119	1	 2.272869623e-03 2.306687905e-05
2436	3120	1	 9.678650020e-04 4.182821790e-06
2436	3121	1	 2.831089501e-03 3.578878775e-05
2436	3122	1	 2.438274812e-03 2.654636701e-05
2436	3123	1	 7.348302175e-04 2.411092120e-06
2436	3124	1	 3.447374851e-03 5.306605562e-05
2436	3125	1	 9.343869980e-04 3.898462517e-06
2436	3126	1	 5.195864496e-04 1.205467269e-06
2436	3133	1	 4.695757793e-03 9.845803536e-05
2436	3135	1	 3.732988303e-03 6.222330110e-05
2437	3108	1	 2.633822990e-03 3.097511718e-05
2437	3109	1	 1.172916528e-03 6.142907871e-06
2437	3114	1	 1.990924000e-03 1.769901729e-05
2437	3115	1	 3.957167319e-04 6.992115877e-07
2437	3116	1	 4.997397370e-04 1.115135284e-06
2437	3117	1	 1.176168273e-03 6.177015772e-06
2437	3118	1	 7.627708642e-04 2.597933208e-06
2437	3119	1	 1.374215595e-03 8.432367679e-06
2437	3120	1	 5.370287642e-04 1.287759865e-06
2437	3121	1	 1.575120697e-03 1.107815574e-05
2437	3122	1	 9.961967448e-04 4.431288505e-06
2437	3123	1	 2.214206615e-04 2.189152809e-07
2437	3124	1	 2.743804973e-03 3.361601798e-05
2437	3125	1	 1.019753528e-03 4.643337197e-06
2437	3126	1	 5.161319014e-04 1.189491097e-06
2437	3127	1	 3.800729762e-03 6.450208793e-05
2437	3132	1	 4.627898316e-03 9.563291767e-05
2437	3133	1	 1.222722637e-03 6.675682836e-06
2437	3135	1	 8.710603968e-04 3.387944811e-06
2437	3137	1	 2.958096311e-03 3.907188909e-05
2437	3138	1	 4.081630636e-03 7.438873812e-05
2438	3108	1	 2.923694303e-03 3.816837872e-05
2438	3109	1	 9.620626269e-04 4.132819878e-06
2438	3114	1	 3.383021828e-03 5.110335224e-05
2438	3115	1	 1.207065752e-03 6.505814037e-06
2438	3116	1	 3.503556143e-03 5.480976653e-05
2438	3118	1	 1.179776491e-03 6.214973270e-06
2438	3119	1	 6.963664716e-04 2.165287133e-06
2438	3126	1	 4.061614157e-03 7.366091649e-05
2438	3135	1	 4.886417341e-03 1.066156362e-04
2439	3108	1	 4.760113649e-03 1.011752842e-04
2439	3109	1	 1.631952004e-03 1.189199050e-05
2439	3115	1	 3.387886354e-03 5.125042330e-05
2439	3118	1	 2.869530538e-03 3.676727907e-05
2439	3119	1	 1.181914053e-03 6.237514703e-06
2440	3108	1	 3.927626983e-03 6.888112946e-05
2440	3109	1	 1.416496780e-03 8.959235925e-06
2440	3114	1	 4.654238472e-03 9.672462465e-05
2440	3115	1	 1.916141883e-03 1.639438453e-05
2440	3116	1	 2.181106407e-03 2.124190668e-05
2440	3118	1	 5.157694176e-03 1.187820904e-04
2440	3120	1	 1.174541248e-03 6.159937928e-06
2440	3121	1	 2.609986626e-03 3.041699831e-05
2440	3122	1	 2.392356679e-03 2.555592757e-05
2440	3123	1	 7.493529509e-04 2.507336561e-06
2440	3124	1	 2.119322832e-03 2.005552446e-05
2440	3125	1	 4.347267630e-04 8.438641645e-07
2440	3126	1	 4.389067846e-04 8.601701713e-07
2441	3109	1	 3.802512333e-03 6.456260606e-05
2441	3115	1	 2.996118459e-03 4.008277218e-05
2441	3116	1	 2.103297113e-03 1.975336284e-05
2441	3117	1	 4.853798395e-03 1.051969764e-04
2441	3120	1	 8.301362751e-04 3.077078485e-06
2441	3121	1	 1.171326888e-03 6.126268332e-06
2441	3122	1	 8.169488469e-04 2.980090945e-06
2441	3123	1	 1.964088798e-04 1.722511091e-07
2441	3124	1	 7.589770676e-04 2.572154773e-06
2441	3125	1	 1.732073580e-04 1.339591751e-07
2441	3126	1	 3.816072399e-04 6.502389804e-07
2441	3127	1	 3.344286408e-03 4.993979063e-05
2442	3116	1	 4.615145560e-03 9.510658678e-05
2442	3120	1	 2.504297762e-03 2.800346168e-05
2442	3121	1	 2.725694881e-03 3.317372704e-05
2442	3122	1	 1.170857135e-03 6.121355519e-06
2442	3123	1	 2.247710312e-04 2.255903227e-07
2442	3124	1	 2.396121516e-03 2.563642529e-05
2442	3125	1	 1.097959627e-03 5.382853146e-06
2442	3126	1	 1.979422457e-03 1.749511396e-05
2442	3127	1	 3.567525634e-03 5.682952086e-05
2442	3128	1	 3.784956456e-03 6.396782213e-05
2442	3133	1	 4.256658161e-03 8.090536827e-05
2443	3122	1	 4.458896652e-03 8.877580163e-05
2443	3123	1	 1.171259405e-03 6.125562459e-06
2443	3125	1	 3.967319662e-03 7.028039261e-05
2444	3120	1	 2.534961124e-03 2.869342535e-05
2444	3121	1	 2.880639102e-03 3.705249801e-05
2444	3122	1	 2.638250839e-03 3.107935230e-05
2444	3123	1	 1.078678322e-03 5.195456245e-06
2444	3124	1	 1.171680249e-03 6.129965186e-06
2444	3125	1	 2.674311426e-04 3.193476681e-07
2444	3126	1	 9.262436941e-04 3.830807405e-06
2445	3123	1	 4.347949958e-03 8.441290836e-05
2445	3124	1	 4.731962003e-03 9.998210750e-05
2445	3125	1	 1.171134730e-03 6.124258453e-06
2445	3126	1	 2.331541453e-03 2.427314623e-05
2446	3109	1	 2.062975517e-03 1.900325243e-05
2446	3120	1	 3.791337949e-03 6.418370535e-05
2446	3123	1	 3.664287704e-03 5.995410446e-05
2446	3124	1	 4.804359144e-03 1.030648843e-04
2446	3125	1	 1.003174037e-03 4.493578747e-06
2446	3126	1	 1.174499235e-03 6.159497262e-06
2447	3116	1	 3.968958927e-03 7.033848321e-05
2447	3120	1	 2.154181584e-03 2.072069925e-05
2447	3121	1	 1.649714510e-03 1.215226910e-05
2447	3122	1	 4.231028988e-04 7.993404512e-07
2447	3123	1	 5.923511247e-05 1.566744665e-08
2447	3124	1	 1.724042669e-03 1.327198280e-05
2447	3125	1	 1.252447744e-03 7.004207756e-06
2447	3126	1	 2.464729766e-03 2.712554106e-05
2447	3127	1	 1.171771373e-03 6.130918701e-06
2447	3128	1	 9.609995096e-04 4.123691065e-06
2447	3129	1	 2.132005056e-03 2.029627087e-05
2447	3131	1	 3.551394913e-03 5.631676845e-05
2447	3132	1	 2.998658254e-03 4.015075692e-05
2447	3133	1	 1.795055308e-03 1.438783532e-05
2447	3135	1	 2.924164421e-03 3.818065433e-05
2447	3139	1	 2.042309310e-03 1.862442287e-05
2447	3143	1	 4.663500256e-03 9.710996542e-05
2448	3122	1	 1.402361352e-03 8.781317071e-06
2448	3123	1	 3.181773085e-04 4.520413853e-07
2448	3127	1	 2.333121462e-03 2.430605560e-05
2448	3128	1	 1.171539635e-03 6.128493955e-06
2448	3129	1	 2.090565502e-03 1.951494576e-05
2448	3131	1	 3.491517857e-03 5.443375883e-05
2448	3132	1	 2.723687300e-03 3.312487753e-05
2448	3133	1	 2.226100531e-03 2.212734647e-05
2448	3134	1	 4.635072734e-03 9.592965812e-05
2448	3135	1	 3.290397120e-03 4.834331442e-05
2448	3139	1	 1.307370254e-03 7.631975866e-06
2448	3140	1	 3.816420759e-03 6.503577034e-05
2448	3142	1	 4.411357846e-03 8.689291514e-05
2448	3143	1	 3.104388424e-03 4.303203658e-05
2449	3122	1	 2.332928150e-03 2.430202800e-05
2449	3123	1	 8.498136380e-04 3.224684148e-06
2449	3127	1	 2.777399382e-03 3.444422827e-05
2449	3128	1	 1.165306112e-03 6.063450527e-06
2449	3129	1	 1.169915759e-03 6.111516260e-06
2449	3130	1	 3.555884181e-03 5.645923689e-05
2449	3131	1	 4.010001681e-03 7.180073649e-05
2449	3132	1	 4.529267117e-03 9.160003895e-05
2449	3133	1	 5.145765150e-03 1.182332731e-04
2449	3139	1	 4.785301600e-04 1.022488471e-06
2449	3140	1	 1.121455625e-03 5.615701006e-06
2449	3141	1	 1.870532098e-03 1.562320458e-05
2449	3142	1	 1.099754395e-03 5.400465575e-06
2449	3143	1	 6.342981666e-04 1.796497850e-06
2449	3144	1	 2.905240016e-03 3.768806363e-05
2450	3121	1	 4.801724289e-03 1.029518675e-04
2450	3122	1	 1.218859363e-03 6.633564941e-06
2450	3123	1	 5.560859305e-04 1.380777190e-06
2450	3124	1	 4.292440013e-03 8.227128088e-05
2450	3127	1	 1.278862862e-03 7.302771992e-06
2450	3128	1	 5.500613662e-04 1.351020927e-06
2450	3129	1	 3.834703756e-04 6.566038536e-07
2450	3130	1	 1.169187189e-03 6.103906689e-06
2450	3131	1	 2.730140340e-03 3.328202434e-05
2450	3132	1	 4.277991961e-03 8.171837426e-05
2450	3139	1	 1.574574970e-04 1.107048063e-07
2450	3140	1	 3.777212019e-04 6.370631953e-07
2450	3141	1	 1.051687881e-03 4.938710040e-06
2450	3142	1	 7.679787220e-04 2.633529360e-06
2450	3143	1	 1.398783395e-04 8.736565274e-08
2450	3144	1	 7.924315626e-04 2.803905161e-06
2450	3145	1	 3.960113778e-03 7.002532245e-05
2451	3122	1	 1.153200424e-03 5.938125561e-06
2451	3123	1	 2.672275417e-04 3.188616013e-07
2451	3127	1	 1.566057766e-03 1.095103948e-05
2451	3128	1	 5.464538368e-04 1.333357932e-06
2451	3129	1	 1.407627294e-03 8.847389526e-06
2451	3130	1	 5.149796797e-03 1.184186144e-04
2451	3131	1	 1.172822289e-03 6.141920800e-06
2451	3132	1	 5.970676579e-04 1.591794074e-06
2451	3133	1	 5.270558483e-04 1.240375168e-06
2451	3134	1	 9.081878031e-04 3.682910117e-06
2451	3135	1	 7.411113164e-04 2.452486804e-06
2451	3136	1	 1.204690362e-03 6.480233596e-06
2451	3137	1	 1.098623506e-03 5.389364580e-06
2451	3138	1	 2.753273475e-03 3.384842701e-05
2451	3139	1	 8.686037060e-04 3.368861415e-06
2451	3140	1	 3.351772191e-03 5.016360928e-05
2451	3141	1	 4.518204569e-03 9.115312677e-05
2451	3142	1	 3.797986375e-03 6.440900564e-05
2451	3143	1	 4.226027026e-03 7.974515928e-05
2452	3122	1	 3.389230046e-03 5.129108490e-05
2452	3123	1	 9.190293077e-04 3.771364529e-06
2452	3127	1	 5.051953111e-03 1.139615669e-04
2452	3128	1	 2.409286671e-03 2.591891071e-05
2452	3131	1	 3.296726303e-03 4.852947310e-05
2452	3132	1	 1.173014792e-03 6.143937193e-06
2452	3133	1	 7.627083356e-04 2.597507291e-06
2452	3134	1	 1.255651081e-03 7.040082354e-06
2452	3135	1	 5.288763220e-04 1.248958585e-06
2452	3136	1	 9.212392061e-04 3.789523586e-06
2452	3137	1	 5.884130934e-04 1.545982045e-06
2452	3138	1	 1.019780338e-03 4.643581345e-06
2452	3139	1	 4.470982524e-03 8.925770877e-05
2453	3122	1	 3.822681656e-03 6.524932973e-05
2453	3123	1	 9.556246815e-04 4.077692812e-06
2453	3128	1	 4.982157063e-03 1.108344113e-04
2453	3132	1	 2.635742302e-03 3.102027783e-05
2453	3133	1	 1.173999347e-03 6.154255189e-06
2453	3134	1	 3.342797508e-03 4.989533343e-05
2453	3135	1	 6.276417167e-04 1.758990091e-06
2453	3136	1	 2.180498970e-03 2.123007661e-05
2453	3137	1	 9.336135540e-04 3.892011240e-06
2453	3138	1	 1.169308035e-03 6.105168537e-06
2454	3123	1	 3.793589221e-03 6.425995172e-05
2454	3132	1	 1.803457814e-03 1.452284711e-05
2454	3133	1	 1.566828731e-03 1.096182446e-05
2454	3134	1	 1.174047785e-03 6.154763031e-06
2454	3135	1	 8.834061664e-04 3.484661864e-06
2454	3136	1	 6.178514965e-04 1.704543134e-06
2454	3137	1	 5.203962850e-04 1.209227916e-06
2454	3138	1	 6.712181268e-04 2.011718189e-06
2455	3123	1	 3.889135709e-03 6.753765627e-05
2455	3133	1	 2.982119646e-03 3.970908843e-05
2455	3135	1	 1.177208758e-03 6.187949472e-06
2455	3136	1	 3.388138493e-03 5.125805209e-05
2455	3137	1	 1.288636971e-03 7.414825998e-06
2455	3138	1	 9.427463808e-04 3.968528809e-06
2456	3132	1	 4.896223021e-03 1.070439614e-04
2456	3133	1	 3.692202089e-03 6.087103932e-05
2456	3134	1	 2.999832894e-03 4.018221895e-05
2456	3135	1	 1.558635700e-03 1.084748425e-05
2456	3136	1	 1.175711724e-03 6.172221277e-06
2456	3137	1	 7.656387731e-04 2.617505645e-06
2456	3138	1	 5.173274627e-04 1.195008123e-06
2457	3133	1	 4.766332548e-03 1.014398199e-04
2457	3135	1	 1.756346723e-03 1.377400700e-05
2457	3136	1	 2.627709921e-03 3.083149836e-05
2457	3137	1	 1.178147268e-03 6.197819878e-06
2457	3138	1	 6.254628688e-04 1.746798679e-06
2458	3135	1	 4.744121784e-03 1.004966182e-04
2458	3137	1	 2.990116917e-03 3.992235295e-05
2458	3138	1	 1.180052910e-03 6.217885926e-06
2459	3123	1	 3.914019050e-03 6.840465547e-05
2459	3128	1	 3.919207117e-03 6.858611762e-05
2459	3129	1	 3.340641408e-03 4.983098934e-05
2459	3139	1	 1.169639319e-03 6.108628421e-06
2459	3140	1	 1.785848935e-03 1.424063083e-05
2459	3141	1	 1.904720932e-03 1.619953314e-05
2459	3142	1	 7.506787416e-04 2.516216607e-06
2459	3143	1	 9.889817237e-04 4.367333144e-06
2459	3144	1	 4.308520752e-03 8.288886023e-05
2460	3129	1	 4.405799158e-03 8.667406810e-05
2460	3139	1	 1.323883495e-03 7.825990662e-06
2460	3140	1	 1.168346636e-03 6.095133395e-06
2460	3141	1	 1.005930324e-03 4.518305485e-06
2460	3142	1	 2.549289825e-04 2.901871752e-07
2460	3143	1	 4.447883538e-04 8.833780510e-07
2460	3144	1	 2.076072171e-03 1.924529992e-05
2460	3145	1	 3.848814615e-03 6.614450577e-05
2461	3139	1	 3.018744689e-03 4.069045609e-05
2461	3140	1	 2.345009984e-03 2.455439182e-05
2461	3141	1	 1.168685761e-03 6.098672260e-06
2461	3142	1	 2.151634083e-04 2.067172028e-07
2461	3143	1	 1.397052540e-03 8.714957394e-06
2461	3144	1	 5.215329511e-03 1.214516154e-04
2461	3145	1	 3.588668616e-03 5.750511854e-05
2462	3141	1	 4.550414297e-03 9.245739823e-05
2462	3142	1	 1.168581963e-03 6.097588991e-06
2462	3143	1	 4.970965742e-03 1.103370402e-04
2463	3139	1	 4.832298046e-03 1.042670810e-04
2463	3140	1	 3.857250400e-03 6.643477297e-05
2463	3141	1	 4.036225028e-03 7.274288677e-05
2463	3142	1	 1.408172216e-03 8.854240862e-06
2463	3143	1	 1.167342000e-03 6.084655748e-06
2463	3144	1	 3.301480197e-03 4.866953342e-05
2464	3139	1	 4.455031429e-03 8.862195660e-05
2464	3140	1	 2.749044690e-03 3.374453047e-05
2464	3141	1	 3.540152675e-03 5.596078189e-05
2464	3142	1	 1.429116773e-03 9.119588082e-06
2464	3143	1	 5.319811099e-04 1.263665742e-06
2464	3144	1	 1.166356525e-03 6.074386700e-06
2465	3139	1	 1.826971928e-03 1.490402390e-05
2465	3140	1	 1.287253911e-03 7.398918267e-06
2465	3141	1	 3.830332902e-04 6.551078925e-07
2465	3142	1	 4.484293918e-05 8.978999143e-09
2465	3143	1	 1.130094687e-03 5.702554649e-06
2465	3144	1	 4.612398048e-03 9.499338182e-05
2465	3145	1	 1.169213508e-03 6.104181495e-06
2466	3143	1	 2.669371454e-03 3.181689637e-05
2466	3144	1	 7.610410017e-04 2.586163038e-06
2467	3143	1	 3.697048461e-03 6.103094246e-05
2467	3144	1	 1.519333471e-03 1.030732573e-05
2468	3143	1	 1.755670916e-03 1.376340912e-05
2468	3144	1	 7.236825766e-04 2.338492724e-06
2469	3130	1	 4.348964272e-03 8.445229757e-05
2469	3140	1	 4.002795226e-03 7.154289927e-05
2469	3143	1	 8.619800368e-04 3.317677789e-06
2469	3144	1	 2.346038809e-04 2.457594203e-07
2478	3143	1	 3.173930427e-03 4.498156849e-05
2478	3144	1	 2.027350050e-03 1.835258625e-05
2479	3124	1	 4.187200538e-03 7.828657835e-05
2479	3143	1	 3.297915069e-03 4.856447788e-05
2479	3144	1	 2.605793633e-03 3.031934584e-05
2480	3125	1	 5.115140230e-03 1.168301349e-04
2482	3122	1	 4.705955667e-03 9.888614640e-05
2482	3123	1	 3.489665194e-03 5.437600705e-05
2482	3124	1	 2.830456097e-03 3.577277539e-05
2482	3125	1	 3.252775222e-03 4.724413434e-05
2482	3129	1	 5.206948106e-03 1.210615663e-04
2482	3139	1	 4.899275646e-03 1.071774794e-04
2482	3143	1	 1.536806423e-03 1.054576583e-05
2482	3144	1	 1.920488871e-03 1.646885400e-05
2483	3123	1	 4.782585234e-03 1.021327973e-04
2483	3129	1	 3.153732433e-03 4.441089021e-05
2483	3130	1	 4.080058330e-03 7.433143782e-05
2483	3139	1	 2.153279190e-03 2.070334295e-05
2483	3140	1	 1.964566751e-03 1.723349526e-05
2483	3142	1	 4.010873300e-03 7.183195329e-05
2483	3143	1	 3.252550756e-04 4.723761416e-07
2483	3144	1	 5.109730660e-04 1.165831557e-06
2484	3120	1	 3.792277805e-03 6.421553100e-05
2484	3121	1	 1.481045474e-03 9.794371576e-06
2484	3122	1	 8.491927622e-04 3.219973945e-06
2484	3123	1	 6.070932846e-04 1.645699918e-06
2484	3124	1	 4.352912740e-04 8.460571736e-07
2484	3125	1	 5.654243796e-04 1.427541854e-06
2484	3126	1	 3.079898066e-03 4.235575971e-05
2484	3127	1	 1.583200453e-03 1.119210049e-05
2484	3128	1	 2.252694364e-03 2.265918759e-05
2484	3129	1	 1.967643770e-03 1.728752174e-05
2484	3130	1	 2.485206805e-03 2.757813277e-05
2484	3139	1	 2.475318368e-03 2.735910704e-05
2484	3140	1	 4.134164121e-03 7.631593277e-05
2484	3143	1	 1.515640733e-03 1.025728273e-05
2484	3144	1	 2.197536929e-03 2.156314750e-05
2485	3124	1	 2.726338238e-03 3.318938914e-05
2485	3125	1	 2.309571461e-03 2.381785235e-05
2486	3125	1	 3.771543288e-03 6.351524579e-05
2487	3124	1	 2.901194346e-03 3.758317225e-05
2487	3125	1	 1.362851676e-03 8.293483303e-06
2487	3126	1	 5.080984372e-03 1.152751001e-04
2488	3124	1	 1.043962821e-03 4.866422981e-06
2488	3125	1	 5.242259397e-04 1.227091092e-06
2488	3126	1	 2.316486808e-03 2.396069727e-05
2493	3125	1	 2.402616762e-03 2.577560069e-05
2494	3112	1	 1.433124912e-03 9.170813893e-06
2494	3125	1	 2.018614415e-03 1.819476832e-05
2494	3126	1	 4.175823105e-03 7.786171681e-05
2495	3112	1	 1.825414082e-03 1.487861762e-05
2496	3112	1	 4.699377624e-03 9.860989106e-05
2497	3109	1	 3.573425499e-03 5.701764215e-05
2497	3110	1	 4.392571295e-03 8.615439323e-05
2497	3111	1	 3.976217269e-03 7.059598531e-05
2497	3112	1	 9.101484608e-04 3.698829116e-06
2497	3124	1	 4.189214331e-03 7.836189879e-05
2497	3125	1	 8.785127660e-04 3.446164016e-06
2497	3126	1	 1.577349215e-03 1.110952518e-05
2498	3112	1	 1.188230294e-03 6.304360375e-06
2499	3112	1	 2.894173386e-03 3.740148799e-05
2500	3112	1	 1.671057919e-03 1.246874649e-05
2501	3111	1	 4.086641591e-03 7.457150206e-05
2501	3112	1	 9.806874719e-04 4.294385663e-06
2501	3113	1	 3.680493149e-03 6.048557548e-05
2503	3112	1	 3.148137714e-03 4.425346019e-05
2504	3112	1	 3.911121979e-03 6.830342969e-05
2507	3112	1	 2.202260879e-03 2.165595387e-05
2507	3113	1	 4.362793985e-03 8.499026847e-05
2520	3087	1	 2.852582598e-03 3.633425390e-05
2521	3087	1	 4.891235628e-03 1.068259981e-04
2522	3087	1	 4.311435425e-03 8.300104518e-05
2523	3084	1	 4.146413659e-03 7.676885137e-05
2523	3085	1	 3.861038546e-03 6.656532617e-05
2523	3086	1	 2.621887849e-03 3.069502641e-05
2523	3087	1	 8.556944108e-04 3.269468672e-06
2524	3084	1	 2.513008373e-03 2.819860738e-05
2524	3085	1	 2.917538646e-03 3.800782560e-05
2524	3086	1	 9.901685122e-04 4.377821125e-06
2524	3087	1	 7.925674056e-04 2.804866565e-06
2536	3068	1	 4.469425919e-03 8.919556815e-05
2537	3066	1	 5.171515956e-03 1.194195768e-04
2537	3068	1	 1.664167664e-03 1.236613399e-05
2537	3070	1	 2.965575102e-03 3.926970542e-05
2538	3068	1	 3.583311996e-03 5.733357683e-05
2538	3087	1	 1.756112665e-03 1.377033608e-05
2539	3065	1	 1.453762136e-03 9.436837928e-06
2539	3066	1	 1.344514659e-03 8.071808928e-06
2539	3068	1	 3.277743370e-04 4.797220544e-07
2539	3070	1	 8.501858935e-04 3.227509871e-06
2539	3071	1	 4.268177321e-03 8.134384506e-05
2540	3065	1	 3.194731666e-03 4.557309909e-05
2540	3066	1	 4.956854303e-03 1.097114860e-04
2540	3068	1	 2.726509535e-03 3.319355987e-05
2540	3084	1	 3.653831839e-03 5.961244042e-05
2540	3085	1	 1.518922064e-03 1.030174443e-05
2540	3087	1	 2.876672575e-04 3.695052861e-07
2541	3061	1	 2.489721253e-03 2.767841667e-05
2541	3062	1	 1.755147185e-03 1.375519886e-05
2541	3063	1	 2.495839298e-03 2.781461333e-05
2541	3064	1	 3.176974387e-03 4.506788908e-05
2541	3065	1	 3.176376661e-04 4.505093224e-07
2541	3066	1	 4.864727312e-04 1.056712372e-06
2541	3067	1	 2.792574644e-03 3.482165195e-05
2541	3068	1	 1.683808026e-04 1.265974448e-07
2541	3070	1	 8.115562376e-04 2.940878144e-06
2541	3071	1	 3.729507298e-03 6.210730898e-05
2541	3073	1	 4.242758561e-03 8.037785766e-05
2541	3085	1	 4.086207686e-03 7.455566742e-05
2541	3087	1	 1.920742008e-03 1.647319575e-05
2542	3062	1	 2.930016126e-03 3.833361800e-05
2542	3063	1	 3.025015830e-03 4.085969242e-05
2542	3064	1	 4.092288487e-03 7.477772931e-05
2542	3065	1	 6.224178628e-04 1.729831836e-06
2542	3066	1	 1.290158967e-03 7.432351487e-06
2542	3068	1	 7.460058762e-04 2.484987946e-06
2542	3070	1	 2.783248799e-03 3.458946545e-05
2542	3073	1	 3.723902658e-03 6.192078165e-05
2542	3084	1	 2.658143096e-03 3.154979218e-05
2542	3085	1	 1.029973845e-03 4.736877819e-06
2542	3087	1	 3.141621637e-04 4.407045642e-07
2543	3061	1	 3.747665179e-03 6.271354588e-05
2543	3062	1	 1.418486008e-03 8.984417021e-06
2543	3063	1	 1.052538392e-03 4.946701240e-06
2543	3064	1	 1.666715365e-03 1.240402599e-05
2543	3065	1	 3.131473297e-04 4.378619584e-07
2543	3066	1	 1.146816867e-03 5.872566368e-06
2543	3067	1	 4.791625607e-03 1.025192792e-04
2543	3068	1	 1.138555996e-03 5.788267313e-06
2543	3070	1	 4.625604164e-03 9.553812642e-05
2543	3073	1	 1.002930037e-03 4.491393089e-06
2543	3074	1	 1.714373505e-03 1.312353041e-05
2543	3075	1	 1.136824141e-03 5.770671661e-06
2543	3076	1	 1.400228688e-03 8.754628710e-06
2543	3080	1	 1.298188682e-03 7.525154596e-06
2543	3081	1	 1.954832458e-03 1.706313680e-05
2543	3084	1	 5.927997397e-04 1.569118700e-06
2543	3085	1	 1.718297252e-04 1.318367174e-07
2543	3086	1	 2.475412036e-03 2.736117767e-05
2543	3087	1	 6.942454539e-05 2.152117004e-08
2546	3070	1	 4.927564222e-03 1.084187451e-04
2547	3070	1	 4.634009583e-03 9.588565623e-05
2547	3072	1	 3.814303779e-03 6.496363927e-05
2550	3070	1	 4.033254034e-03 7.263583667e-05
2551	3142	1	 1.754354527e-03 1.374277745e-05
2552	3141	1	 5.217185727e-03 1.215380837e-04
2552	3142	1	 1.688911416e-03 1.273660066e-05
2555	3142	1	 2.315809687e-03 2.394669166e-05
2556	3141	1	 3.099461439e-03 4.289555238e-05
2556	3142	1	 8.486349195e-04 3.215744873e-06
2557	3140	1	 2.140163715e-03 2.045190575e-05
2557	3141	1	 5.564352812e-04 1.382512630e-06
2557	3142	1	 9.819165534e-05 4.305156593e-08
2557	3143	1	 1.469589566e-03 9.643438378e-06
2557	3144	1	 3.070558172e-03 4.209925871e-05
2557	3145	1	 1.196149123e-03 6.388669802e-06
2558	3142	1	 2.575567306e-03 2.962003700e-05
2559	3139	1	 3.496188025e-03 5.457947472e-05
2559	3140	1	 9.654993359e-04 4.162399383e-06
2559	3141	1	 3.696132600e-04 6.100070808e-07
2559	3142	1	 6.849768160e-05 2.095036215e-08
2559	3143	1	 3.769901241e-04 6.345995156e-07
2559	3144	1	 7.844586604e-04 2.747767064e-06
2559	3145	1	 1.177398033e-03 6.189939457e-06
2560	3142	1	 2.306578350e-03 2.375615840e-05
2560	3143	1	 4.719560188e-03 9.945871587e-05
2561	3140	1	 3.118772875e-03 4.343174577e-05
2561	3141	1	 1.925736669e-03 1.655898032e-05
2561	3142	1	 5.902309314e-04 1.555549086e-06
2561	3143	1	 9.799971012e-04 4.288341588e-06
2561	3144	1	 1.408560830e-03 8.859128564e-06
2561	3145	1	 5.105591787e-03 1.163943679e-04
2562	3140	1	 2.964575333e-03 3.924323228e-05
2562	3141	1	 2.827443444e-03 3.569666497e-05
2562	3142	1	 1.195346183e-03 6.380095624e-06
2562	3143	1	 6.253151414e-04 1.745973627e-06
2562	3144	1	 6.500475226e-04 1.886817973e-06
3061	3221	1	 4.935718604e-03 1.087778756e-04
3061	3741	1	 1.223224519e-03 6.681164195e-06
3061	3742	1	 4.434117032e-03 8.779182813e-05
3061	3744	1	 2.410827772e-03 2.595207939e-05
3062	3219	1	 2.150167602e-03 2.064355160e-05
3062	3221	1	 1.297139982e-03 7.513001600e-06
3062	3222	1	 3.793554752e-03 6.425878399e-05
3062	3223	1	 4.371101462e-03 8.531424753e-05
3062	3741	1	 3.529591406e-04 5.562738651e-07
3062	3742	1	 1.218341686e-03 6.627931293e-06
3062	3743	1	 1.315161470e-03 7.723211779e-06
3062	3744	1	 4.946390759e-04 1.092487896e-06
3062	3745	1	 1.479026135e-03 9.767681421e-06
3062	3746	1	 2.689955193e-03 3.230947354e-05
3062	3748	1	 2.459153714e-03 2.700294562e-05
3062	3753	1	 5.103428664e-03 1.162957615e-04
3063	3219	1	 4.557465105e-03 9.274414328e-05
3063	3221	1	 2.376030619e-03 2.520831723e-05
3063	3222	1	 4.659039256e-03 9.692426787e-05
3063	3223	1	 4.271795520e-03 8.148181636e-05
3063	3741	1	 9.433152487e-04 3.973319598e-06
3063	3742	1	 2.023796003e-03 1.828829664e-05
3063	3743	1	 1.216337527e-03 6.606143476e-06
3063	3744	1	 3.002924355e-04 4.026508075e-07
3063	3745	1	 2.842559446e-03 3.607936633e-05
3063	3753	1	 4.149540402e-03 7.688467531e-05
3064	3741	1	 3.444380471e-03 5.297390961e-05
3064	3743	1	 4.190999107e-03 7.842868371e-05
3064	3744	1	 1.216707958e-03 6.610167845e-06
3065	3216	1	 3.692738561e-03 6.088872958e-05
3065	3217	1	 1.555614978e-03 1.080547896e-05
3065	3218	1	 3.834110206e-03 6.564006062e-05
3065	3219	1	 3.073745881e-04 4.218671503e-07
3065	3220	1	 3.381964840e-03 5.107142386e-05
3065	3221	1	 2.230939937e-04 2.222365804e-07
3065	3222	1	 1.060079980e-03 5.017842842e-06
3065	3223	1	 1.842830414e-03 1.516388675e-05
3065	3741	1	 8.157867111e-04 2.971618427e-06
3065	3742	1	 1.827195383e-03 1.490766992e-05
3065	3743	1	 2.323459066e-03 2.410515015e-05
3065	3744	1	 1.321074769e-03 7.792818942e-06
3065	3745	1	 1.215672488e-03 6.598921565e-06
3065	3746	1	 1.860910602e-03 1.546289511e-05
3065	3748	1	 1.102538482e-03 5.427843319e-06
3065	3750	1	 3.155411643e-03 4.445819610e-05
3066	3216	1	 2.204054981e-03 2.169125289e-05
3066	3217	1	 1.199651297e-03 6.426135003e-06
3066	3218	1	 4.097972057e-03 7.498558347e-05
3066	3219	1	 2.022363883e-04 1.826242271e-07
3066	3220	1	 4.665977306e-03 9.721315409e-05
3066	3221	1	 2.785897409e-04 3.465532918e-07
3066	3222	1	 1.706779693e-03 1.300752664e-05
3066	3223	1	 3.620267567e-03 5.852226534e-05
3066	3741	1	 1.036155747e-03 4.793909929e-06
3066	3742	1	 2.607897376e-03 3.036832121e-05
3066	3743	1	 4.919277040e-03 1.080543743e-04
3066	3744	1	 3.814776113e-03 6.497972945e-05
3066	3745	1	 1.430297484e-03 9.134663197e-06
3066	3746	1	 1.217719942e-03 6.621168290e-06
3066	3747	1	 4.137581718e-03 7.644216138e-05
3066	3748	1	 4.477559339e-04 8.952049808e-07
3066	3750	1	 9.902219508e-04 4.378293673e-06
3066	3751	1	 3.612631457e-03 5.827564756e-05
3067	3216	1	 4.987594393e-03 1.110764639e-04
3067	3217	1	 2.827060942e-03 3.568700739e-05
3067	3219	1	 5.425009640e-04 1.314137529e-06
3067	3221	1	 5.717969538e-04 1.459901196e-06
3067	3222	1	 3.004036263e-03 4.029490455e-05
3067	3223	1	 5.195169202e-03 1.205144666e-04
3067	3741	1	 3.365102350e-04 5.056340888e-07
3067	3742	1	 1.209992582e-03 6.537402202e-06
3067	3743	1	 3.454068575e-03 5.327233106e-05
3067	3744	1	 3.210244751e-03 4.601676442e-05
3067	3745	1	 6.896383065e-04 2.123648050e-06
3067	3746	1	 3.695212195e-04 6.097033128e-07
3067	3747	1	 1.220653723e-03 6.653110700e-06
3067	3748	1	 1.254532215e-04 7.027541611e-08
3067	3749	1	 1.755767720e-03 1.376492693e-05
3067	3750	1	 2.572434806e-04 2.954803085e-07
3067	3751	1	 9.666727803e-04 4.172523289e-06
3067	3752	1	 2.738680889e-03 3.349057872e-05
3068	3213	1	 4.393967251e-03 8.620916154e-05
3068	3216	1	 8.607554184e-04 3.308257610e-06
3068	3217	1	 7.504734504e-04 2.514840555e-06
3068	3218	1	 3.379928706e-03 5.100994660e-05
3068	3219	1	 1.800875335e-04 1.448128463e-07
3068	3221	1	 5.319062092e-04 1.263309930e-06
3068	3222	1	 2.759370597e-03 3.399850765e-05
3068	3230	1	 3.381155630e-03 5.104698686e-05
3068	3741	1	 4.870320242e-03 1.059143553e-04
3068	3745	1	 5.073728646e-03 1.149461058e-04
3068	3746	1	 3.775182915e-03 6.363789232e-05
3068	3748	1	 1.216925507e-03 6.612531861e-06
3068	3750	1	 1.748366832e-03 1.364912803e-05
3069	3217	1	 4.198850388e-03 7.872281043e-05
3069	3219	1	 1.070392929e-03 5.115949543e-06
3069	3221	1	 1.561664222e-03 1.088967983e-05
3069	3230	1	 2.999817555e-03 4.018180802e-05
3069	3741	1	 1.177573944e-03 6.191789231e-06
3069	3742	1	 3.343816896e-03 4.992576929e-05
3069	3745	1	 1.845430897e-03 1.520671353e-05
3069	3746	1	 6.332470651e-04 1.790548796e-06
3069	3747	1	 1.389112219e-03 8.616173846e-06
3069	3748	1	 1.617776487e-04 1.168629453e-07
3069	3749	1	 1.222563089e-03 6.673940784e-06
3069	3750	1	 1.221666944e-04 6.664160303e-08
3069	3751	1	 4.371830309e-04 8.534270084e-07
3069	3752	1	 9.578504050e-04 4.096709454e-06
3070	3213	1	 4.084671523e-03 7.449962126e-05
3070	3214	1	 3.877450981e-03 6.713243841e-05
3070	3216	1	 1.044157025e-03 4.868233712e-06
3070	3217	1	 1.361587412e-03 8.278103368e-06
3070	3219	1	 4.619251207e-04 9.527587625e-07
3070	3221	1	 1.490760980e-03 9.923293194e-06
3070	3224	1	 2.896656126e-03 3.746568457e-05
3070	3225	1	 4.668400707e-03 9.731416084e-05
3070	3226	1	 2.600956393e-03 3.020688427e-05
3070	3230	1	 8.021146686e-04 2.872848386e-06
3070	3746	1	 4.937568247e-03 1.088594192e-04
3070	3748	1	 1.387972819e-03 8.602045042e-06
3070	3750	1	 1.219222385e-03 6.637516977e-06
3070	3751	1	 4.163348780e-03 7.739722319e-05
3071	3216	1	 2.891135635e-03 3.732301532e-05
3071	3217	1	 3.105795510e-03 4.307105456e-05
3071	3219	1	 1.000515361e-03 4.469791971e-06
3071	3221	1	 2.271016379e-03 2.302927801e-05
3071	3224	1	 4.217918042e-03 7.943941972e-05
3071	3226	1	 2.375368201e-03 2.519426344e-05
3071	3227	1	 4.407362723e-03 8.673559817e-05
3071	3230	1	 7.330598769e-04 2.399488589e-06
3071	3746	1	 2.461200452e-03 2.704791308e-05
3071	3747	1	 4.902057891e-03 1.072992438e-04
3071	3748	1	 6.173266466e-04 1.701648427e-06
3071	3749	1	 3.814754578e-03 6.497899582e-05
3071	3750	1	 3.612259935e-04 5.826366208e-07
3071	3751	1	 1.222021556e-03 6.668029659e-06
3071	3752	1	 1.754791848e-03 1.374962983e-05
3072	3219	1	 3.253946414e-03 4.727816185e-05
3072	3224	1	 3.687617767e-03 6.071997544e-05
3072	3225	1	 3.684116740e-03 6.060473500e-05
3072	3226	1	 1.007291325e-03 4.530540082e-06
3072	3227	1	 1.780031005e-03 1.414799585e-05
3072	3230	1	 2.233747375e-04 2.227962619e-07
3072	3748	1	 1.606622962e-03 1.152571109e-05
3072	3749	1	 4.929220430e-03 1.084916388e-04
3072	3750	1	 6.105326001e-04 1.664399232e-06
3072	3751	1	 1.389081976e-03 8.615798673e-06
3072	3752	1	 1.224235479e-03 6.692212341e-06
3072	3910	1	 3.917377477e-03 6.852209517e-05
3073	3219	1	 4.046896995e-03 7.312806648e-05
3073	3221	1	 1.514311677e-03 1.023930152e-05
3073	3222	1	 2.330389384e-03 2.424916431e-05
3073	3223	1	 1.547883081e-03 1.069833262e-05
3073	3741	1	 6.907993750e-04 2.130804776e-06
3073	3742	1	 9.507179463e-04 4.035925804e-06
3073	3743	1	 3.392540204e-04 5.139132274e-07
3073	3744	1	 5.702499710e-05 1.452012427e-08
3073	3745	1	 1.387176994e-03 8.592183528e-06
3073	3746	1	 4.743179178e-03 1.004566870e-04
3073	3753	1	 1.214213120e-03 6.583087568e-06
3073	3754	1	 1.486786362e-03 9.870449410e-06
3073	3755	1	 4.079840130e-03 7.432348759e-05
3073	3757	1	 4.702558525e-03 9.874342979e-05
3073	3758	1	 5.070584767e-03 1.148036998e-04
3073	3760	1	 4.213729374e-03 7.928172101e-05
3074	3221	1	 4.437989284e-03 8.794522985e-05
3074	3222	1	 4.764368294e-03 1.013562284e-04
3074	3223	1	 2.676854215e-03 3.199552412e-05
3074	3741	1	 2.833036600e-03 3.583803259e-05
3074	3742	1	 2.888375676e-03 3.725179013e-05
3074	3743	1	 7.897447699e-04 2.784923735e-06
3074	3744	1	 1.545090665e-04 1.065976736e-07
3074	3745	1	 4.308744352e-03 8.289746382e-05
3074	3753	1	 1.713268931e-03 1.310662483e-05
3074	3754	1	 1.212334819e-03 6.562736185e-06
3074	3755	1	 3.036760207e-03 4.117757713e-05
3074	3757	1	 3.502254095e-03 5.476903555e-05
3074	3758	1	 4.832766332e-03 1.042872905e-04
3074	3759	1	 2.840424693e-03 3.602519569e-05
3074	3760	1	 2.305037095e-03 2.372442128e-05
3075	3221	1	 2.968778564e-03 3.935459077e-05
3075	3222	1	 2.169745050e-03 2.102118538e-05
3075	3223	1	 9.208713967e-04 3.786498217e-06
3075	3742	1	 3.879722287e-03 6.721111016e-05
3075	3743	1	 1.006130236e-03 4.520101542e-06
3075	3744	1	 3.451310578e-04 5.318729148e-07
3075	3745	1	 4.319567525e-03 8.331444864e-05
3075	3753	1	 1.397876723e-03 8.725243097e-06
3075	3754	1	 7.485348850e-04 2.501865049e-06
3075	3755	1	 1.208510201e-03 6.521393873e-06
3075	3756	1	 4.174642446e-03 7.781769429e-05
3075	3757	1	 2.934055052e-03 3.843937399e-05
3075	3759	1	 2.444648906e-03 2.668534250e-05
3075	3760	1	 6.134006307e-04 1.680073285e-06
3075	3761	1	 2.010580357e-03 1.805022668e-05
3075	3762	1	 3.372695990e-03 5.079186762e-05
3075	3763	1	 1.754631341e-03 1.374711465e-05
3075	3764	1	 1.720280679e-03 1.321412507e-05
3075	3765	1	 3.380717199e-03 5.103374930e-05
3075	3767	1	 4.897022753e-03 1.070789326e-04
3076	3219	1	 5.034750913e-03 1.131867965e-04
3076	3220	1	 2.396675395e-03 2.564827871e-05
3076	3221	1	 1.333097054e-03 7.935299581e-06
3076	3222	1	 7.622456337e-04 2.594356658e-06
3076	3223	1	 1.915063671e-04 1.637593949e-07
3076	3741	1	 3.334838351e-03 4.965801602e-05
3076	3742	1	 1.709892512e-03 1.305501606e-05
3076	3743	1	 3.655152303e-04 5.965553506e-07
3076	3744	1	 1.765974151e-04 1.392542552e-07
3076	3745	1	 1.608792144e-03 1.155685497e-05
3076	3753	1	 4.088821261e-04 7.465107088e-07
3076	3754	1	 2.189641784e-04 2.140848493e-07
3076	3755	1	 2.961237522e-04 3.915491424e-07
3076	3756	1	 1.208006284e-03 6.515956507e-06
3076	3757	1	 1.458276561e-03 9.495538101e-06
3076	3758	1	 3.380449795e-03 5.102567639e-05
3076	3759	1	 1.697731003e-03 1.286997042e-05
3076	3760	1	 1.540586304e-04 1.059770570e-07
3076	3761	1	 6.653559495e-04 1.976732392e-06
3076	3762	1	 1.739680870e-03 1.351384600e-05
3076	3763	1	 1.173955577e-03 6.153796305e-06
3076	3764	1	 5.012686415e-04 1.121969014e-06
3076	3765	1	 8.844898772e-04 3.493216666e-06
3076	3766	1	 2.554495668e-03 2.913735537e-05
3076	3767	1	 1.501083349e-03 1.006119125e-05
3077	3741	1	 2.891834118e-03 3.734105157e-05
3077	3742	1	 2.827391401e-03 3.569535089e-05
3077	3743	1	 5.871702564e-04 1.539458144e-06
3077	3744	1	 8.801815699e-05 3.459268968e-08
3077	3753	1	 1.157468677e-03 5.982163575e-06
3077	3754	1	 5.992049609e-04 1.603210654e-06
3077	3755	1	 2.201256039e-03 2.163619618e-05
3077	3757	1	 1.214607482e-03 6.587364480e-06
3077	3758	1	 1.577280442e-03 1.110855644e-05
3077	3759	1	 6.955822237e-04 2.160412786e-06
3077	3760	1	 1.863191960e-03 1.550083140e-05
3078	3741	1	 1.216061236e-03 6.603142641e-06
3078	3742	1	 1.740751987e-03 1.353049199e-05
3078	3743	1	 4.392824429e-04 8.616432326e-07
3078	3744	1	 4.902747910e-05 1.073294530e-08
3078	3745	1	 5.031499602e-03 1.130406575e-04
3078	3753	1	 1.287699703e-03 7.404043825e-06
3078	3754	1	 1.045395588e-03 4.879789806e-06
3078	3755	1	 4.556679335e-03 9.271216531e-05
3078	3757	1	 1.598076219e-03 1.140341073e-05
3078	3758	1	 1.220027065e-03 6.646281321e-06
3078	3759	1	 1.196131526e-03 6.388481829e-06
3079	3743	1	 3.502076356e-03 5.476347664e-05
3079	3744	1	 9.410560075e-04 3.954310179e-06
3079	3753	1	 5.106575812e-03 1.164392387e-04
3079	3754	1	 2.349285602e-03 2.464401268e-05
3079	3757	1	 3.184003160e-03 4.526752705e-05
3079	3758	1	 4.385401855e-03 8.587338483e-05
3079	3759	1	 1.214136924e-03 6.582261370e-06
3079	3760	1	 4.076996115e-03 7.421990344e-05
3080	3222	1	 4.526375350e-03 9.148310992e-05
3080	3223	1	 2.335234850e-03 2.435010937e-05
3080	3743	1	 4.516689571e-03 9.109200794e-05
3080	3744	1	 2.009829526e-03 1.803674784e-05
3080	3753	1	 5.234333449e-03 1.223383337e-04
3080	3754	1	 2.623951278e-03 3.074335948e-05
3080	3755	1	 3.050999934e-03 4.156465560e-05
3080	3759	1	 5.136525573e-03 1.178090623e-04
3080	3760	1	 1.206062301e-03 6.495001789e-06
3080	3761	1	 2.628127923e-03 3.084130815e-05
3080	3762	1	 3.086636748e-03 4.254130757e-05
3080	3763	1	 1.222783319e-03 6.676345457e-06
3080	3764	1	 2.025364058e-03 1.831664749e-05
3080	3765	1	 5.104463852e-03 1.163429455e-04
3080	3766	1	 5.039326181e-03 1.133926042e-04
3081	3222	1	 4.366233681e-03 8.512433663e-05
3081	3223	1	 2.103206438e-03 1.975165970e-05
3081	3754	1	 3.944779039e-03 6.948405467e-05
3081	3755	1	 2.971189920e-03 3.941854737e-05
3081	3760	1	 8.647075519e-04 3.338706890e-06
3081	3761	1	 1.202445623e-03 6.456106436e-06
3081	3762	1	 1.188035643e-03 6.302295039e-06
3081	3763	1	 4.010481363e-04 7.181791532e-07
3081	3764	1	 6.619545590e-04 1.956573400e-06
3081	3765	1	 2.435739745e-03 2.649119535e-05
3081	3766	1	 1.391808875e-03 8.649659127e-06
3081	3767	1	 3.063606528e-03 4.190885179e-05
3081	3768	1	 4.745813400e-03 1.005682994e-04
3082	3760	1	 1.979863590e-03 1.750291275e-05
3082	3761	1	 2.151963190e-03 2.067804453e-05
3082	3762	1	 1.201003397e-03 6.440628676e-06
3082	3763	1	 2.712274314e-04 3.284785478e-07
3082	3764	1	 1.623790380e-03 1.177334086e-05
3082	3766	1	 2.152803739e-03 2.069420122e-05
3082	3768	1	 4.098363467e-03 7.499990839e-05
3083	3762	1	 4.287362919e-03 8.207677521e-05
3083	3763	1	 1.201434114e-03 6.445249116e-06
3084	3202	1	 5.111550607e-03 1.166662180e-04
3084	3203	1	 1.649592574e-03 1.215047274e-05
3084	3204	1	 2.032002764e-03 1.843692031e-05
3084	3220	1	 2.672245430e-03 3.188544451e-05
3084	3222	1	 2.512894782e-03 2.819605822e-05
3084	3223	1	 1.663860043e-03 1.236156266e-05
3084	3760	1	 3.086230599e-03 4.253011288e-05
3084	3761	1	 3.271844094e-03 4.779968029e-05
3084	3762	1	 3.732672707e-03 6.221278054e-05
3084	3763	1	 1.866192468e-03 1.555079708e-05
3084	3764	1	 1.200378584e-03 6.433929039e-06
3084	3765	1	 3.109916110e-03 4.318541902e-05
3084	3766	1	 1.834933961e-03 1.503421190e-05
3084	3767	1	 2.420991952e-03 2.617137144e-05
3085	3200	1	 3.368555623e-03 5.066723861e-05
3085	3201	1	 3.898807913e-03 6.787400363e-05
3085	3202	1	 1.602408856e-03 1.146532745e-05
3085	3203	1	 6.191629793e-04 1.711787112e-06
3085	3204	1	 1.136875646e-03 5.771194564e-06
3085	3217	1	 2.911062917e-03 3.783928955e-05
3085	3218	1	 1.225527989e-03 6.706350662e-06
3085	3219	1	 2.782060468e-03 3.455993524e-05
3085	3220	1	 3.610266142e-04 5.819936239e-07
3085	3221	1	 1.154928812e-03 5.955938724e-06
3085	3222	1	 3.455438725e-04 5.331460326e-07
3085	3223	1	 2.373945161e-04 2.516408564e-07
3085	3760	1	 2.481361918e-03 2.749286600e-05
3085	3761	1	 2.712842242e-03 3.286161236e-05
3085	3762	1	 4.682885880e-03 9.791899298e-05
3085	3763	1	 3.307726313e-03 4.885386477e-05
3085	3764	1	 7.088518262e-04 2.243627295e-06
3085	3765	1	 1.201241945e-03 6.443187456e-06
3085	3766	1	 1.436220737e-03 9.210478126e-06
3085	3767	1	 6.257100498e-04 1.748179610e-06
3086	3189	1	 2.122055956e-03 2.010728589e-05
3086	3200	1	 4.334689427e-03 8.389880259e-05
3086	3202	1	 4.754571883e-03 1.009398431e-04
3086	3203	1	 7.628001982e-04 2.598133030e-06
3086	3204	1	 6.391753398e-04 1.824230916e-06
3086	3220	1	 5.141035650e-03 1.180160353e-04
3086	3223	1	 4.526846608e-03 9.150216021e-05
3086	3761	1	 4.286909196e-03 8.205940407e-05
3086	3762	1	 3.775462336e-03 6.364731301e-05
3086	3763	1	 1.953744598e-03 1.704415089e-05
3086	3764	1	 1.423617634e-03 9.049540073e-06
3086	3765	1	 4.113689514e-03 7.556188946e-05
3086	3766	1	 1.198387000e-03 6.412597304e-06
3086	3767	1	 2.933868946e-03 3.843449775e-05
3087	3199	1	 2.808670843e-03 3.522422783e-05
3087	3200	1	 9.790946003e-04 4.280446769e-06
3087	3201	1	 8.658691821e-04 3.347683215e-06
3087	3202	1	 2.244272211e-04 2.249007241e-07
3087	3203	1	 1.640056452e-04 1.201039758e-07
3087	3204	1	 6.193103666e-04 1.712602167e-06
3087	3205	1	 3.908920243e-03 6.822654955e-05
3087	3216	1	 3.778743145e-03 6.375797783e-05
3087	3217	1	 1.156708478e-03 5.974308256e-06
3087	3218	1	 3.718200146e-04 6.173128494e-07
3087	3219	1	 1.696887430e-03 1.285718388e-05
3087	3220	1	 1.622008505e-04 1.174751596e-07
3087	3221	1	 1.062859374e-03 5.044189622e-06
3087	3222	1	 3.372635320e-04 5.079004029e-07
3087	3223	1	 5.075928203e-04 1.150457900e-06
3087	3764	1	 2.786801218e-03 3.467781880e-05
3087	3765	1	 3.318274639e-03 4.916595115e-05
3087	3766	1	 3.977236437e-03 7.063217969e-05
3087	3767	1	 1.201257958e-03 6.443359240e-06
3087	3882	1	 5.024763199e-03 1.127381721e-04
3088	3760	1	 1.381997016e-03 8.528133696e-06
3088	3761	1	 1.024849682e-03 4.689862723e-06
3088	3762	1	 3.350631583e-04 5.012947374e-07
3088	3763	1	 4.828189399e-05 1.040898508e-08
3088	3764	1	 8.656481205e-04 3.345974066e-06
3088	3765	1	 4.631440605e-03 9.577937252e-05
3088	3766	1	 8.317588842e-04 3.089119340e-06
3088	3768	1	 1.199315511e-03 6.422538124e-06
3088	3769	1	 1.383023291e-03 8.540804429e-06
3088	3770	1	 4.195942673e-03 7.861381670e-05
3088	3772	1	 3.871428448e-03 6.692405750e-05
3088	3773	1	 3.662367541e-03 5.989128651e-05
3089	3760	1	 4.612301088e-03 9.498938802e-05
3089	3761	1	 3.182978659e-03 4.523840072e-05
3089	3762	1	 8.425513988e-04 3.169805376e-06
3089	3763	1	 1.577039466e-04 1.110516239e-07
3089	3764	1	 3.304267681e-03 4.875175279e-05
3089	3766	1	 2.415962924e-03 2.606275492e-05
3089	3768	1	 1.792769321e-03 1.435121309e-05
3089	3769	1	 1.197944127e-03 6.407858534e-06
3089	3770	1	 3.295851008e-03 4.850370695e-05
3089	3772	1	 2.992818480e-03 3.999452503e-05
3089	3773	1	 2.276390962e-03 2.313840908e-05
3089	3776	1	 4.452314188e-03 8.851388384e-05
3090	3761	1	 3.829492664e-03 6.548205096e-05
3090	3762	1	 9.317462290e-04 3.876457949e-06
3090	3763	1	 2.932173418e-04 3.839008681e-07
3090	3764	1	 3.446914877e-03 5.305189563e-05
3090	3766	1	 1.568179163e-03 1.098072834e-05
3090	3768	1	 1.293022910e-03 7.465385332e-06
3090	3769	1	 6.345228979e-04 1.797771071e-06
3090	3770	1	 1.196413591e-03 6.391495171e-06
3090	3771	1	 4.756287248e-03 1.010126908e-04
3090	3772	1	 2.271456358e-03 2.303820211e-05
3090	3773	1	 5.140739827e-04 1.180024540e-06
3090	3774	1	 1.958997537e-03 1.713592568e-05
3090	3775	1	 2.206471016e-03 2.173883387e-05
3090	3776	1	 8.188125080e-04 2.993703094e-06
3090	3777	1	 2.823640193e-03 3.560069695e-05
3091	3760	1	 4.706271999e-03 9.889944102e-05
3091	3761	1	 1.747724124e-03 1.363909491e-05
3091	3762	1	 3.019908745e-04 4.072184337e-07
3091	3763	1	 1.232740929e-04 6.785524470e-08
3091	3764	1	 1.720102771e-03 1.321139205e-05
3091	3766	1	 5.726807970e-04 1.464417908e-06
3091	3768	1	 3.039806408e-04 4.126022975e-07
3091	3769	1	 1.087250225e-04 5.278357512e-08
3091	3770	1	 2.026939814e-04 1.834515969e-07
3091	3771	1	 1.196139347e-03 6.388565372e-06
3091	3772	1	 7.134941111e-04 2.273110644e-06
3091	3773	1	 6.994347854e-05 2.184410446e-08
3091	3774	1	 4.875028347e-04 1.061192276e-06
3091	3775	1	 8.042286628e-04 2.888011275e-06
3091	3776	1	 3.570398660e-04 5.692109043e-07
3091	3777	1	 8.151734382e-04 2.967152240e-06
3091	3778	1	 3.827499992e-03 6.541392169e-05
3091	3870	1	 4.358643811e-03 8.482864879e-05
3092	3760	1	 4.283059749e-03 8.191209910e-05
3092	3761	1	 3.474542052e-03 5.390573030e-05
3092	3762	1	 7.598900171e-04 2.578346421e-06
3092	3763	1	 1.237838493e-04 6.841758762e-08
3092	3766	1	 4.866034713e-03 1.057280434e-04
3092	3768	1	 1.449714111e-03 9.384357026e-06
3092	3769	1	 7.466714216e-04 2.489423863e-06
3092	3770	1	 2.827825692e-03 3.570631743e-05
3092	3772	1	 1.200148642e-03 6.431464334e-06
3092	3773	1	 2.482458765e-03 2.751717694e-05
3093	3189	1	 3.383838831e-03 5.112803825e-05
3093	3190	1	 2.550237365e-03 2.904029333e-05
3093	3762	1	 4.159010463e-03 7.723600742e-05
3093	3763	1	 1.808396278e-03 1.460249274e-05
3093	3766	1	 4.416257157e-03 8.708603107e-05
3093	3768	1	 5.012920248e-03 1.122073693e-04
3093	3769	1	 2.608373004e-03 3.037939937e-05
3093	3770	1	 3.317676972e-03 4.914824182e-05
3093	3773	1	 1.194068964e-03 6.366468735e-06
3093	3774	1	 2.825167153e-03 3.563921143e-05
3093	3775	1	 2.207577464e-03 2.176064147e-05
3093	3776	1	 6.076923003e-04 1.648949127e-06
3093	3777	1	 3.588475086e-03 5.749891642e-05
3093	3870	1	 4.445482526e-03 8.824245958e-05
3094	3187	1	 4.067166871e-03 7.386246079e-05
3094	3188	1	 2.665693548e-03 3.172928103e-05
3094	3189	1	 1.941589614e-03 1.683273437e-05
3094	3190	1	 9.749804875e-04 4.244549845e-06
3094	3763	1	 4.762724665e-03 1.012863080e-04
3094	3769	1	 3.646199284e-03 5.936364956e-05
3094	3770	1	 2.989655662e-03 3.991003705e-05
3094	3773	1	 7.589077687e-04 2.571685090e-06
3094	3774	1	 1.191139445e-03 6.335268168e-06
3094	3775	1	 6.552365536e-04 1.917061407e-06
3094	3776	1	 1.134720373e-04 5.749333407e-08
3094	3777	1	 1.353780759e-03 8.183450581e-06
3094	3778	1	 2.756665025e-03 3.393186902e-05
3094	3779	1	 3.946948354e-03 6.956049711e-05
3094	3868	1	 4.318421660e-03 8.327025232e-05
3094	3869	1	 4.317160598e-03 8.322162642e-05
3094	3870	1	 1.073651609e-03 5.147146719e-06
3095	3188	1	 3.483861235e-03 5.419528275e-05
3095	3189	1	 3.881796614e-03 6.728299937e-05
3095	3190	1	 8.712676052e-04 3.389556856e-06
3095	3773	1	 2.765550217e-03 3.415095770e-05
3095	3774	1	 3.212883046e-03 4.609243198e-05
3095	3775	1	 1.189732252e-03 6.320308239e-06
3095	3776	1	 1.974950915e-04 1.741615985e-07
3095	3777	1	 4.111541535e-03 7.548300016e-05
3095	3778	1	 3.421481582e-03 5.227188995e-05
3095	3779	1	 3.184240385e-03 4.527427264e-05
3095	3870	1	 2.188848080e-03 2.139296740e-05
3096	3188	1	 3.714412806e-03 6.160559064e-05
3096	3189	1	 4.445821480e-03 8.825591651e-05
3096	3190	1	 7.505983643e-04 2.515677798e-06
3096	3775	1	 4.764601258e-03 1.013661407e-04
3096	3776	1	 1.189867498e-03 6.321745281e-06
3097	3184	1	 4.458206466e-03 8.874832078e-05
3097	3187	1	 7.759824861e-04 2.688707932e-06
3097	3188	1	 4.371746184e-04 8.533941646e-07
3097	3189	1	 2.501986716e-04 2.795180055e-07
3097	3190	1	 1.727261932e-04 1.332159397e-07
3097	3204	1	 3.481393115e-03 5.411852131e-05
3097	3766	1	 4.412486249e-03 8.693737436e-05
3097	3773	1	 1.578316950e-03 1.112316119e-05
3097	3774	1	 1.886588318e-03 1.589256775e-05
3097	3775	1	 1.402464618e-03 8.782610381e-06
3097	3776	1	 4.117056304e-04 7.568562513e-07
3097	3777	1	 1.188122422e-03 6.303215765e-06
3097	3778	1	 4.964457701e-03 1.100483205e-04
3097	3868	1	 1.199974245e-03 6.429595325e-06
3097	3869	1	 1.245522198e-03 6.926960863e-06
3097	3870	1	 2.746809039e-04 3.368966755e-07
3098	3190	1	 1.893827932e-03 1.601477440e-05
3098	3773	1	 2.506736344e-03 2.805802547e-05
3098	3774	1	 2.121529484e-03 2.009731008e-05
3098	3775	1	 4.783389245e-04 1.021671397e-06
3098	3776	1	 5.949961749e-05 1.580768005e-08
3098	3777	1	 3.170648729e-03 4.488859885e-05
3098	3778	1	 1.186711286e-03 6.288251958e-06
3098	3779	1	 7.914296275e-04 2.796819237e-06
3098	3780	1	 2.554926137e-03 2.914717631e-05
3098	3782	1	 1.991758243e-03 1.771385299e-05
3098	3786	1	 2.142725338e-03 2.050089400e-05
3098	3791	1	 3.040513916e-03 4.127943844e-05
3098	3792	1	 4.896879312e-03 1.070726597e-04
3098	3793	1	 4.191807665e-03 7.845894871e-05
3098	3870	1	 1.835439847e-03 1.504250281e-05
3099	3190	1	 3.548941086e-03 5.623897149e-05
3099	3775	1	 1.810298581e-03 1.463323044e-05
3099	3776	1	 4.254843866e-04 8.083641516e-07
3099	3778	1	 2.730645690e-03 3.329434650e-05
3099	3779	1	 1.185416418e-03 6.274536721e-06
3099	3780	1	 2.900108529e-03 3.755504534e-05
3099	3782	1	 2.266250709e-03 2.293272671e-05
3099	3786	1	 1.753597013e-03 1.373091200e-05
3099	3789	1	 3.411857487e-03 5.197823814e-05
3099	3791	1	 3.263331799e-03 4.755128478e-05
3099	3792	1	 4.841625647e-03 1.046699950e-04
3100	3190	1	 3.996541956e-03 7.131954156e-05
3100	3775	1	 2.173713471e-03 2.109815037e-05
3100	3776	1	 7.346518427e-04 2.409921711e-06
3100	3778	1	 2.366761291e-03 2.501201641e-05
3100	3779	1	 7.651078722e-04 2.613876899e-06
3100	3780	1	 1.182777110e-03 6.246627543e-06
3100	3781	1	 4.639851483e-03 9.612756658e-05
3100	3782	1	 1.938957776e-03 1.678713153e-05
3100	3786	1	 4.231804048e-04 7.996333322e-07
3100	3787	1	 1.470562826e-03 9.656215656e-06
3100	3788	1	 1.549530839e-03 1.072112200e-05
3100	3789	1	 5.800745622e-04 1.502475613e-06
3100	3790	1	 1.949183063e-03 1.696465560e-05
3100	3791	1	 7.254044054e-04 2.349633725e-06
3100	3792	1	 1.128438347e-03 5.685850831e-06
3100	3793	1	 2.292351885e-03 2.346401667e-05
3100	3870	1	 3.889624572e-03 6.755463624e-05
3101	3774	1	 4.428586031e-03 8.757294629e-05
3101	3775	1	 8.399229611e-04 3.150059066e-06
3101	3776	1	 3.351297798e-04 5.014941048e-07
3101	3778	1	 7.087348066e-04 2.242886585e-06
3101	3779	1	 1.593445657e-04 1.133742177e-07
3101	3780	1	 2.077355069e-04 1.926909233e-07
3101	3781	1	 1.182421521e-03 6.242872147e-06
3101	3782	1	 6.822253076e-04 2.078238764e-06
3101	3783	1	 2.832251806e-03 3.581817999e-05
3101	3784	1	 2.978135193e-03 3.960304755e-05
3101	3786	1	 5.108336595e-05 1.165195507e-08
3101	3787	1	 3.194484678e-04 4.556605274e-07
3101	3788	1	 5.014407503e-04 1.122739595e-06
3101	3789	1	 2.293973320e-04 2.349722171e-07
3101	3790	1	 4.913478122e-04 1.077997722e-06
3101	3791	1	 1.511223515e-04 1.019758174e-07
3101	3792	1	 4.378666368e-04 8.560980355e-07
3101	3793	1	 6.024635319e-04 1.620695091e-06
3101	3794	1	 2.504127104e-03 2.799964517e-05
3101	3799	1	 4.322394323e-03 8.342352909e-05
3101	3870	1	 2.094427578e-03 1.958711555e-05
3102	3775	1	 2.401890542e-03 2.576002105e-05
3102	3776	1	 6.941992468e-04 2.151830535e-06
3102	3778	1	 3.005101795e-03 4.032349485e-05
3102	3779	1	 1.094997062e-03 5.353843816e-06
3102	3780	1	 3.249043506e-03 4.713579575e-05
3102	3782	1	 1.187087188e-03 6.292236316e-06
3102	3786	1	 2.319099578e-03 2.401477839e-05
3102	3789	1	 4.632173469e-03 9.580968653e-05
3103	3775	1	 1.619319967e-03 1.170860438e-05
3103	3776	1	 6.499283881e-04 1.886126441e-06
3103	3778	1	 1.325549318e-03 7.845697704e-06
3103	3779	1	 2.744752272e-04 3.363923387e-07
3103	3780	1	 9.319686092e-04 3.878308560e-06
3103	3781	1	 3.667936075e-03 6.007355126e-05
3103	3782	1	 1.919132815e-04 1.644560492e-07
3103	3783	1	 1.186602372e-03 6.287097764e-06
3103	3784	1	 1.218611394e-03 6.630866109e-06
3103	3785	1	 3.112312357e-03 4.325199495e-05
3103	3786	1	 6.737288159e-04 2.026795986e-06
3103	3787	1	 3.066279534e-03 4.198201490e-05
3103	3788	1	 3.060312642e-03 4.181878227e-05
3103	3789	1	 1.965695382e-03 1.725330202e-05
3103	3799	1	 2.974972261e-03 3.951897129e-05
3104	3776	1	 3.481927238e-03 5.413512856e-05
3104	3778	1	 4.496200507e-03 9.026744086e-05
3104	3779	1	 9.891338783e-04 4.368677074e-06
3104	3780	1	 1.680061733e-03 1.260347399e-05
3104	3782	1	 6.582203898e-04 1.934561108e-06
3104	3783	1	 2.056812232e-03 1.888987493e-05
3104	3784	1	 1.184795404e-03 6.267964254e-06
3104	3786	1	 8.364700633e-04 3.124212708e-06
3104	3787	1	 2.618930313e-03 3.062581641e-05
3104	3788	1	 1.604620223e-03 1.149699420e-05
3104	3789	1	 8.159143519e-04 2.972548399e-06
3104	3794	1	 3.527336020e-03 5.555631815e-05
3104	3795	1	 4.578717041e-03 9.361111124e-05
3104	3798	1	 3.550355634e-03 5.628381223e-05
3104	3799	1	 7.301101605e-04 2.380217118e-06
3105	3775	1	 1.804219547e-03 1.453511784e-05
3105	3776	1	 9.107654128e-04 3.703845382e-06
3105	3778	1	 1.430213415e-03 9.133589399e-06
3105	3779	1	 3.939009679e-04 6.928095819e-07
3105	3780	1	 1.694402163e-03 1.281955011e-05
3105	3781	1	 5.094289939e-03 1.158796321e-04
3105	3782	1	 1.080950227e-04 5.217364559e-08
3105	3783	1	 6.849881654e-04 2.095105641e-06
3105	3784	1	 9.172573833e-04 3.756835872e-06
3105	3785	1	 1.190596186e-03 6.329490668e-06
3105	3786	1	 1.934684430e-03 1.671321741e-05
3105	3799	1	 5.096271482e-03 1.159697978e-04
3106	3190	1	 4.319866297e-03 8.332597426e-05
3106	3776	1	 3.575314112e-03 5.707792757e-05
3106	3779	1	 3.226264795e-03 4.647718414e-05
3106	3780	1	 3.613420325e-03 5.830110094e-05
3106	3786	1	 1.181095361e-03 6.228876461e-06
3106	3787	1	 2.433642790e-03 2.644560187e-05
3106	3788	1	 1.763786774e-03 1.389095016e-05
3106	3789	1	 4.691801256e-04 9.829218834e-07
3106	3790	1	 2.751267136e-03 3.379911360e-05
3106	3791	1	 1.257678135e-03 7.062830938e-06
3106	3792	1	 1.227903158e-03 6.732370718e-06
3106	3793	1	 4.606946332e-03 9.476895586e-05
3107	3177	1	 1.433437400e-03 9.174813669e-06
3107	3779	1	 4.977414130e-03 1.106234866e-04
3107	3780	1	 3.727843567e-03 6.205190929e-05
3107	3786	1	 9.246325344e-04 3.817491958e-06
3107	3787	1	 1.180323075e-03 6.220733330e-06
3107	3788	1	 6.001157906e-04 1.608088323e-06
3107	3789	1	 9.382640781e-05 3.930881652e-08
3107	3790	1	 1.123555925e-03 5.636755253e-06
3107	3791	1	 6.491313870e-04 1.881503399e-06
3107	3792	1	 4.747847290e-04 1.006545180e-06
3107	3793	1	 3.477646818e-03 5.400211106e-05
3107	3794	1	 2.529962817e-03 2.858038445e-05
3107	3795	1	 3.460820253e-03 5.348079778e-05
3107	3799	1	 4.494874742e-03 9.021421558e-05
3107	3806	1	 2.984420123e-03 3.977037710e-05
3108	3177	1	 1.629374189e-03 1.185445123e-05
3108	3786	1	 3.270263360e-03 4.775350427e-05
3108	3787	1	 3.337728866e-03 4.974413680e-05
3108	3788	1	 1.179368076e-03 6.210671018e-06
3108	3789	1	 1.904393746e-04 1.619396823e-07
3108	3790	1	 3.776598042e-03 6.368561058e-05
3108	3791	1	 3.293819819e-03 4.844394100e-05
3108	3792	1	 2.445893715e-03 2.671252562e-05
3108	3794	1	 3.289524545e-03 4.831767765e-05
3108	3795	1	 2.885561202e-03 3.717922816e-05
3108	3799	1	 3.674095524e-03 6.027547986e-05
3108	3806	1	 2.621482881e-03 3.068554503e-05
3109	3177	1	 2.288706367e-03 2.338944654e-05
3109	3788	1	 4.769737796e-03 1.015848166e-04
3109	3789	1	 1.179368076e-03 6.210671018e-06
3110	3174	1	 1.444163704e-03 9.312636285e-06
3110	3175	1	 1.671635255e-03 1.247736367e-05
3110	3176	1	 2.209998035e-03 2.180838797e-05
3110	3177	1	 2.919726997e-04 3.806486384e-07
3110	3178	1	 2.554606726e-03 2.913988894e-05
3110	3187	1	 4.995637794e-03 1.114350147e-04
3110	3190	1	 3.462605439e-03 5.353598573e-05
3110	3786	1	 2.183543611e-03 2.128940532e-05
3110	3787	1	 2.202029832e-03 2.165141010e-05
3110	3788	1	 1.572128951e-03 1.103611254e-05
3110	3789	1	 4.059599268e-04 7.358785107e-07
3110	3790	1	 1.178991546e-03 6.206705962e-06
3110	3791	1	 4.893445028e-04 1.069225278e-06
3110	3792	1	 1.434410832e-04 9.187278933e-08
3110	3793	1	 2.619034989e-03 3.062826461e-05
3110	3806	1	 3.564292352e-03 5.672655726e-05
3110	3856	1	 4.669491733e-03 9.735965166e-05
3111	3174	1	 2.773957443e-03 3.435890999e-05
3111	3175	1	 1.905649603e-03 1.621533357e-05
3111	3176	1	 1.995450704e-03 1.777959223e-05
3111	3177	1	 9.539762552e-04 4.063637130e-06
3111	3178	1	 2.399501013e-03 2.570879166e-05
3111	3179	1	 3.325391998e-03 4.937708920e-05
3111	3180	1	 2.961397857e-03 3.915915441e-05
3111	3181	1	 4.720980231e-03 9.951857605e-05
3111	3183	1	 2.618835806e-03 3.062360610e-05
3111	3184	1	 4.209922359e-03 7.913852703e-05
3111	3187	1	 1.480639506e-03 9.789002857e-06
3111	3188	1	 2.072381947e-03 1.917694358e-05
3111	3190	1	 5.877729388e-04 1.542620023e-06
3111	3789	1	 2.433284128e-03 2.643780752e-05
3111	3790	1	 3.725396680e-03 6.197047656e-05
3111	3791	1	 1.180346976e-03 6.220985274e-06
3111	3792	1	 3.600696783e-04 5.789124521e-07
3111	3793	1	 3.863251460e-03 6.664165049e-05
3111	3870	1	 3.873030851e-03 6.697946936e-05
3112	3174	1	 1.425895790e-03 9.078526455e-06
3112	3175	1	 6.377533469e-04 1.816123101e-06
3112	3176	1	 4.364760908e-04 8.506691980e-07
3112	3177	1	 5.522307219e-04 1.361698369e-06
3112	3178	1	 1.031487227e-03 4.750808211e-06
3112	3179	1	 1.251658258e-03 6.995380274e-06
3112	3180	1	 1.610695032e-03 1.158421016e-05
3112	3181	1	 3.599492618e-03 5.785253106e-05
3112	3183	1	 1.362636438e-03 8.290863900e-06
3112	3184	1	 3.244489039e-03 4.700373967e-05
3112	3187	1	 1.563524123e-03 1.091563391e-05
3112	3188	1	 1.958952260e-03 1.713513358e-05
3112	3190	1	 6.961058988e-04 2.163666982e-06
3112	3791	1	 4.278684763e-03 8.174484424e-05
3112	3792	1	 1.178878748e-03 6.205518386e-06
3113	3174	1	 4.220161062e-03 7.952393138e-05
3113	3175	1	 2.550104842e-03 2.903727525e-05
3113	3176	1	 3.335761856e-03 4.968552306e-05
3113	3177	1	 2.240237505e-03 2.240928072e-05
3113	3178	1	 2.058020136e-03 1.891206835e-05
3113	3179	1	 2.350739912e-03 2.467453356e-05
3113	3180	1	 1.272409924e-03 7.229260675e-06
3113	3181	1	 1.787176771e-03 1.426181544e-05
3113	3183	1	 9.732323327e-04 4.229342406e-06
3113	3184	1	 1.162927640e-03 6.038723929e-06
3113	3185	1	 4.937014396e-03 1.088349988e-04
3113	3187	1	 2.449589466e-04 2.679331198e-07
3113	3188	1	 5.149310304e-04 1.183962419e-06
3113	3189	1	 2.363321022e-03 2.493935549e-05
3113	3190	1	 1.449147265e-04 9.377019794e-08
3113	3776	1	 4.287347655e-03 8.207619076e-05
3113	3786	1	 3.629792138e-03 5.883060317e-05
3113	3789	1	 3.569953905e-03 5.690691033e-05
3113	3790	1	 2.393908924e-03 2.558910151e-05
3113	3791	1	 4.504640420e-04 9.060664479e-07
3113	3792	1	 1.223006044e-04 6.678777818e-08
3113	3793	1	 1.179952961e-03 6.216832679e-06
3113	3867	1	 5.190886313e-03 1.203158447e-04
3113	3868	1	 2.474791856e-03 2.734746947e-05
3113	3870	1	 6.294641337e-04 1.769219708e-06
3114	3177	1	 2.325036945e-03 2.413790124e-05
3114	3786	1	 2.870522843e-03 3.679271228e-05
3114	3787	1	 2.313350129e-03 2.389585243e-05
3114	3788	1	 5.057124099e-04 1.141949798e-06
3114	3789	1	 6.429514220e-05 1.845848751e-08
3114	3790	1	 3.317743233e-03 4.915020502e-05
3114	3791	1	 4.224029034e-03 7.966977286e-05
3114	3792	1	 3.834796019e-03 6.566354498e-05
3114	3794	1	 1.178846959e-03 6.205183724e-06
3114	3795	1	 7.188032950e-04 2.307065412e-06
3114	3796	1	 2.434244564e-03 2.645868203e-05
3114	3798	1	 1.687052317e-03 1.270857601e-05
3114	3799	1	 1.112148104e-03 5.522872807e-06
3114	3800	1	 2.446851163e-03 2.673344303e-05
3114	3805	1	 2.567596706e-03 2.943699062e-05
3114	3806	1	 9.170858032e-04 3.755430513e-06
3115	3177	1	 4.728559688e-03 9.983838347e-05
3115	3788	1	 1.995089754e-03 1.777316065e-05
3115	3789	1	 4.877472151e-04 1.062256473e-06
3115	3794	1	 2.869752458e-03 3.677296622e-05
3115	3795	1	 1.178121621e-03 6.197550048e-06
3115	3796	1	 2.924397429e-03 3.818673931e-05
3115	3798	1	 2.069745665e-03 1.912818454e-05
3115	3799	1	 1.648837677e-03 1.213935453e-05
3115	3800	1	 3.075901895e-03 4.224591773e-05
3115	3803	1	 4.004998155e-03 7.162166789e-05
3115	3805	1	 3.407368824e-03 5.184156225e-05
3115	3806	1	 1.600888446e-03 1.144358053e-05
3116	3177	1	 3.470205046e-03 5.377124147e-05
3116	3788	1	 2.293921184e-03 2.349615366e-05
3116	3789	1	 7.475429155e-04 2.495238425e-06
3116	3794	1	 2.462260501e-03 2.707121737e-05
3116	3795	1	 7.431151061e-04 2.465766621e-06
3116	3796	1	 1.176102861e-03 6.176328720e-06
3116	3797	1	 3.136403904e-03 4.392418997e-05
3116	3798	1	 1.722517726e-03 1.324851462e-05
3116	3799	1	 2.267477376e-03 2.295755931e-05
3116	3800	1	 9.685952439e-04 4.189135944e-06
3116	3801	1	 2.833900591e-03 3.585989496e-05
3116	3802	1	 2.441790833e-03 2.662298255e-05
3116	3803	1	 7.364591773e-04 2.421793708e-06
3116	3804	1	 3.447003305e-03 5.305461768e-05
3116	3805	1	 9.346932882e-04 3.901018752e-06
3116	3806	1	 5.195784125e-04 1.205429976e-06
3116	3813	1	 4.696321026e-03 9.848165589e-05
3116	3815	1	 3.731813348e-03 6.218413780e-05
3117	3788	1	 2.634013279e-03 3.097959315e-05
3117	3789	1	 1.171743891e-03 6.130631120e-06
3117	3794	1	 1.988723129e-03 1.765990809e-05
3117	3795	1	 3.952577714e-04 6.975906080e-07
3117	3796	1	 4.998200561e-04 1.115493766e-06
3117	3797	1	 1.176099960e-03 6.176298261e-06
3117	3798	1	 7.614581196e-04 2.588998708e-06
3117	3799	1	 1.370625863e-03 8.388371088e-06
3117	3800	1	 5.377185362e-04 1.291070046e-06
3117	3801	1	 1.577242823e-03 1.110802656e-05
3117	3802	1	 9.978865110e-04 4.446334111e-06
3117	3803	1	 2.220825913e-04 2.202261175e-07
3117	3804	1	 2.744558603e-03 3.363448687e-05
3117	3805	1	 1.020335964e-03 4.648642827e-06
3117	3806	1	 5.162667287e-04 1.190112631e-06
3117	3807	1	 3.802155140e-03 6.455047712e-05
3117	3812	1	 4.628575786e-03 9.566091880e-05
3117	3813	1	 1.222386693e-03 6.672015039e-06
3117	3815	1	 8.701322531e-04 3.380728724e-06
3117	3817	1	 2.955217066e-03 3.899586532e-05
3117	3818	1	 4.079620091e-03 7.431547082e-05
3118	3788	1	 2.923320020e-03 3.815860691e-05
3118	3789	1	 9.613117287e-04 4.126370992e-06
3118	3794	1	 3.382408266e-03 5.108481719e-05
3118	3795	1	 1.207595479e-03 6.511525514e-06
3118	3796	1	 3.505821486e-03 5.488066768e-05
3118	3798	1	 1.179915502e-03 6.216437963e-06
3118	3799	1	 6.949478526e-04 2.156473990e-06
3118	3806	1	 4.062336777e-03 7.368712950e-05
3118	3815	1	 4.888456229e-03 1.067046269e-04
3119	3788	1	 4.763021023e-03 1.012989133e-04
3119	3789	1	 1.633049020e-03 1.190798373e-05
3119	3795	1	 3.391304185e-03 5.135388228e-05
3119	3798	1	 2.871113721e-03 3.680786090e-05
3119	3799	1	 1.180308378e-03 6.220578422e-06
3120	3164	1	 2.563263728e-03 2.933772096e-05
3120	3174	1	 5.123410817e-03 1.172082418e-04
3120	3177	1	 1.063822881e-03 5.053339119e-06
3120	3788	1	 3.924302992e-03 6.876458918e-05
3120	3789	1	 1.413560866e-03 8.922135540e-06
3120	3794	1	 4.647093009e-03 9.642785787e-05
3120	3795	1	 1.913198809e-03 1.634406171e-05
3120	3796	1	 2.179903557e-03 2.121848392e-05
3120	3798	1	 5.150657114e-03 1.184581834e-04
3120	3800	1	 1.174530302e-03 6.159823116e-06
3120	3801	1	 2.611960435e-03 3.046302157e-05
3120	3802	1	 2.395568499e-03 2.562459305e-05
3120	3803	1	 7.506659621e-04 2.516130935e-06
3120	3804	1	 2.118990749e-03 2.004923984e-05
3120	3805	1	 4.349591496e-04 8.447665938e-07
3120	3806	1	 4.387715099e-04 8.596400299e-07
3121	3162	1	 1.612727679e-03 1.161346643e-05
3121	3163	1	 3.960954986e-03 7.005507518e-05
3121	3164	1	 3.936698547e-04 6.919968373e-07
3121	3165	1	 4.636484624e-03 9.598810932e-05
3121	3167	1	 4.512210967e-03 9.091144971e-05
3121	3168	1	 4.522954074e-03 9.134486654e-05
3121	3173	1	 4.739351659e-03 1.002946249e-04
3121	3174	1	 5.157643673e-03 1.187797643e-04
3121	3177	1	 1.433806747e-03 9.179542338e-06
3121	3789	1	 3.798490099e-03 6.442609179e-05
3121	3795	1	 2.993117586e-03 4.000251963e-05
3121	3796	1	 2.103262457e-03 1.975271189e-05
3121	3797	1	 4.853721294e-03 1.051936343e-04
3121	3800	1	 8.304031140e-04 3.079056995e-06
3121	3801	1	 1.172818912e-03 6.141885430e-06
3121	3802	1	 8.183972167e-04 2.990667128e-06
3121	3803	1	 1.967452659e-04 1.728416374e-07
3121	3804	1	 7.592861969e-04 2.574250463e-06
3121	3805	1	 1.734129069e-04 1.342773082e-07
3121	3806	1	 3.817407672e-04 6.506941073e-07
3121	3807	1	 3.344906347e-03 4.995830729e-05
3122	3162	1	 1.451113522e-03 9.402483241e-06
3122	3163	1	 2.469552249e-03 2.723179241e-05
3122	3164	1	 4.711298050e-04 9.911079261e-07
3122	3796	1	 4.615107081e-03 9.510500087e-05
3122	3800	1	 2.504514561e-03 2.800831046e-05
3122	3801	1	 2.727881013e-03 3.322696207e-05
3122	3802	1	 1.172469824e-03 6.138229722e-06
3122	3803	1	 2.251218274e-04 2.262950221e-07
3122	3804	1	 2.395734447e-03 2.562814335e-05
3122	3805	1	 1.097842210e-03 5.381701911e-06
3122	3806	1	 1.978711082e-03 1.748254125e-05
3122	3807	1	 3.568580755e-03 5.686314129e-05
3122	3808	1	 3.787540025e-03 6.405517937e-05
3122	3813	1	 4.258764065e-03 8.098544100e-05
3123	3162	1	 3.330862547e-03 4.953968174e-05
3123	3163	1	 4.885681215e-03 1.065835159e-04
3123	3164	1	 1.718059468e-03 1.318002317e-05
3123	3802	1	 4.464102763e-03 8.898322805e-05
3123	3803	1	 1.172818430e-03 6.141880377e-06
3123	3805	1	 3.968825536e-03 7.033375535e-05
3124	3159	1	 2.172508975e-03 2.107477508e-05
3124	3160	1	 1.460013260e-03 9.518168522e-06
3124	3161	1	 2.233308062e-03 2.227086354e-05
3124	3162	1	 6.766172473e-04 2.044211926e-06
3124	3163	1	 2.544486410e-03 2.890946542e-05
3124	3164	1	 2.163319240e-04 2.089685914e-07
3124	3165	1	 1.219333451e-03 6.638726332e-06
3124	3166	1	 1.763301529e-03 1.388330798e-05
3124	3167	1	 1.097525856e-03 5.378600782e-06
3124	3168	1	 1.496383154e-03 9.998282662e-06
3124	3173	1	 1.069269108e-03 5.105212569e-06
3124	3174	1	 1.563289217e-03 1.091235420e-05
3124	3177	1	 4.120982749e-04 7.583005705e-07
3124	3800	1	 2.532208219e-03 2.863113850e-05
3124	3801	1	 2.879829736e-03 3.703167984e-05
3124	3802	1	 2.639111211e-03 3.109962648e-05
3124	3803	1	 1.078608972e-03 5.194788215e-06
3124	3804	1	 1.170212956e-03 6.114621705e-06
3124	3805	1	 2.672782372e-04 3.189825947e-07
3124	3806	1	 9.254343788e-04 3.824115913e-06
3125	3160	1	 4.078698674e-03 7.428190503e-05
3125	3161	1	 4.572886743e-03 9.337286407e-05
3125	3162	1	 3.112357051e-03 4.325323721e-05
3125	3164	1	 1.666294226e-03 1.239775839e-05
3125	3165	1	 3.407327896e-03 5.184031686e-05
3125	3166	1	 3.237321183e-03 4.679628397e-05
3125	3167	1	 1.840094710e-03 1.511889822e-05
3125	3168	1	 3.034355624e-03 4.111239208e-05
3125	3173	1	 1.081902279e-03 5.226559046e-06
3125	3174	1	 1.224272712e-03 6.692619411e-06
3125	3175	1	 3.642958687e-03 5.925817633e-05
3125	3176	1	 3.232592108e-03 4.665966391e-05
3125	3177	1	 2.206601853e-04 2.174141205e-07
3125	3803	1	 4.353508082e-03 8.462886177e-05
3125	3804	1	 4.733096334e-03 1.000300481e-04
3125	3805	1	 1.172740599e-03 6.141065222e-06
3125	3806	1	 2.333552891e-03 2.431504553e-05
3126	3164	1	 4.533437750e-03 9.176881063e-05
3126	3167	1	 4.630994657e-03 9.576092876e-05
3126	3173	1	 2.731450027e-03 3.331396371e-05
3126	3174	1	 1.929148556e-03 1.661770842e-05
3126	3175	1	 5.006397214e-03 1.119155409e-04
3126	3176	1	 4.905563376e-03 1.074527591e-04
3126	3177	1	 2.636929787e-04 3.104823535e-07
3126	3789	1	 2.059706939e-03 1.894308264e-05
3126	3800	1	 3.791707473e-03 6.419621735e-05
3126	3803	1	 3.669491804e-03 6.012452159e-05
3126	3804	1	 4.803415162e-03 1.030243869e-04
3126	3805	1	 1.003858867e-03 4.499716044e-06
3126	3806	1	 1.174623666e-03 6.160802451e-06
3127	3159	1	 4.727437893e-03 9.979101813e-05
3127	3162	1	 8.901412828e-04 3.537998757e-06
3127	3163	1	 1.118438928e-03 5.585529360e-06
3127	3164	1	 2.302391156e-04 2.366998630e-07
3127	3796	1	 3.964349984e-03 7.017521731e-05
3127	3800	1	 2.151755918e-03 2.067406141e-05
3127	3801	1	 1.648905487e-03 1.214035304e-05
3127	3802	1	 4.228287288e-04 7.983048442e-07
3127	3803	1	 5.912520697e-05 1.560936147e-08
3127	3804	1	 1.722468690e-03 1.324776032e-05
3127	3805	1	 1.251326605e-03 6.991673621e-06
3127	3806	1	 2.461858432e-03 2.706237704e-05
3127	3807	1	 1.170247961e-03 6.114987533e-06
3127	3808	1	 9.600826778e-04 4.115826487e-06
3127	3809	1	 2.133768470e-03 2.032985947e-05
3127	3811	1	 3.548573379e-03 5.622731821e-05
3127	3812	1	 2.996682267e-03 4.009785909e-05
3127	3813	1	 1.792779564e-03 1.435137708e-05
3127	3815	1	 2.919277662e-03 3.805314868e-05
3127	3819	1	 2.045045253e-03 1.867435605e-05
3127	3823	1	 4.668403534e-03 9.731427871e-05
3128	3162	1	 1.756695534e-03 1.377947858e-05
3128	3163	1	 1.311366638e-03 7.678706205e-06
3128	3164	1	 8.156583262e-04 2.970683180e-06
3128	3802	1	 1.401058283e-03 8.765005514e-06
3128	3803	1	 3.176579287e-04 4.505668016e-07
3128	3807	1	 2.330244005e-03 2.424613887e-05
3128	3808	1	 1.170104732e-03 6.113490775e-06
3128	3809	1	 2.091606370e-03 1.953438313e-05
3128	3811	1	 3.487870053e-03 5.432007763e-05
3128	3812	1	 2.722465519e-03 3.309516615e-05
3128	3813	1	 2.224225002e-03 2.209007681e-05
3128	3814	1	 4.631275480e-03 9.577254300e-05
3128	3815	1	 3.286638598e-03 4.823293526e-05
3128	3819	1	 1.309043308e-03 7.651521793e-06
3128	3820	1	 3.820533030e-03 6.517600057e-05
3128	3822	1	 4.417518755e-03 8.713579417e-05
3128	3823	1	 3.107513395e-03 4.311871487e-05
3129	3159	1	 4.095051890e-03 7.487875384e-05
3129	3162	1	 6.847680716e-04 2.093759498e-06
3129	3163	1	 2.706929115e-04 3.271851291e-07
3129	3164	1	 4.595530179e-04 9.429985710e-07
3129	3239	1	 4.352794892e-03 8.460113629e-05
3129	3802	1	 2.329400311e-03 2.422858482e-05
3129	3803	1	 8.478853348e-04 3.210066557e-06
3129	3807	1	 2.772588256e-03 3.432500019e-05
3129	3808	1	 1.163448534e-03 6.044134820e-06
3129	3809	1	 1.170028787e-03 6.112697215e-06
3129	3810	1	 3.556526295e-03 5.647962931e-05
3129	3811	1	 4.005275310e-03 7.163158101e-05
3129	3812	1	 4.528221000e-03 9.155773042e-05
3129	3813	1	 5.143181382e-03 1.181145694e-04
3129	3819	1	 4.788818941e-04 1.023992142e-06
3129	3820	1	 1.122536215e-03 5.626528353e-06
3129	3821	1	 1.873076833e-03 1.566574217e-05
3129	3822	1	 1.101812249e-03 5.420695122e-06
3129	3823	1	 6.347506727e-04 1.799061995e-06
3129	3824	1	 2.908929947e-03 3.778385926e-05
3130	3148	1	 3.802030797e-03 6.454625517e-05
3130	3149	1	 3.172985208e-03 4.495478083e-05
3130	3158	1	 2.800546083e-03 3.502073338e-05
3130	3159	1	 1.469926588e-03 9.647861951e-06
3130	3160	1	 4.941506776e-03 1.090331553e-04
3130	3162	1	 1.962348001e-04 1.719459077e-07
3130	3163	1	 5.419053033e-05 1.311253294e-08
3130	3164	1	 1.077848837e-04 5.187468884e-08
3130	3239	1	 3.251599868e-03 4.720999822e-05
3130	3241	1	 4.947088298e-03 1.092796043e-04
3130	3242	1	 3.449740374e-03 5.313890642e-05
3130	3801	1	 4.795251358e-03 1.026744875e-04
3130	3802	1	 1.216315943e-03 6.605909023e-06
3130	3803	1	 5.543206839e-04 1.372024789e-06
3130	3804	1	 4.286321578e-03 8.203690941e-05
3130	3807	1	 1.275757579e-03 7.267350454e-06
3130	3808	1	 5.488313788e-04 1.344985669e-06
3130	3809	1	 3.834570193e-04 6.565581154e-07
3130	3810	1	 1.169182214e-03 6.103854745e-06
3130	3811	1	 2.725534340e-03 3.316981934e-05
3130	3812	1	 4.274212977e-03 8.157406542e-05
3130	3819	1	 1.574979777e-04 1.107617358e-07
3130	3820	1	 3.782055827e-04 6.386981528e-07
3130	3821	1	 1.052985221e-03 4.950902128e-06
3130	3822	1	 7.694561751e-04 2.643671982e-06
3130	3823	1	 1.400721196e-04 8.760788398e-08
3130	3824	1	 7.941984847e-04 2.816423101e-06
3130	3825	1	 3.964946916e-03 7.019635218e-05
3130	3842	1	 2.971699188e-03 3.943206135e-05
3130	3843	1	 2.024532953e-03 1.830161815e-05
3130	3844	1	 4.946067783e-03 1.092345232e-04
3131	3163	1	 4.938160298e-03 1.088855268e-04
3131	3164	1	 3.100842129e-03 4.293377752e-05
3131	3802	1	 1.152419843e-03 5.930089457e-06
3131	3803	1	 2.669785368e-04 3.182676422e-07
3131	3807	1	 1.565081015e-03 1.093738340e-05
3131	3808	1	 5.459440718e-04 1.330871420e-06
3131	3809	1	 1.408832304e-03 8.862543748e-06
3131	3810	1	 5.156618571e-03 1.187325531e-04
3131	3811	1	 1.171444989e-03 6.127503772e-06
3131	3812	1	 5.966777222e-04 1.589715600e-06
3131	3813	1	 5.264153861e-04 1.237362467e-06
3131	3814	1	 9.071418621e-04 3.674431940e-06
3131	3815	1	 7.397719796e-04 2.443630542e-06
3131	3816	1	 1.203324698e-03 6.465549651e-06
3131	3817	1	 1.095696169e-03 5.360682383e-06
3131	3818	1	 2.747472671e-03 3.370594843e-05
3131	3819	1	 8.705396850e-04 3.383895458e-06
3131	3820	1	 3.356837207e-03 5.031533288e-05
3131	3821	1	 4.526448550e-03 9.148606882e-05
3131	3822	1	 3.804415977e-03 6.462726595e-05
3131	3823	1	 4.232411440e-03 7.998628915e-05
3132	3802	1	 3.390184449e-03 5.131997599e-05
3132	3803	1	 9.195122967e-04 3.775329596e-06
3132	3807	1	 5.053859358e-03 1.140475850e-04
3132	3808	1	 2.409936146e-03 2.593288659e-05
3132	3811	1	 3.297995804e-03 4.856685569e-05
3132	3812	1	 1.174615939e-03 6.160721398e-06
3132	3813	1	 7.634427188e-04 2.602511783e-06
3132	3814	1	 1.257339355e-03 7.059026432e-06
3132	3815	1	 5.291239339e-04 1.250128346e-06
3132	3816	1	 9.224743488e-04 3.799691934e-06
3132	3817	1	 5.882936952e-04 1.545354702e-06
3132	3818	1	 1.019341635e-03 4.639586929e-06
3132	3819	1	 4.480200455e-03 8.962613767e-05
3133	3802	1	 3.827529359e-03 6.541492548e-05
3133	3803	1	 9.575800959e-04 4.094397566e-06
3133	3808	1	 4.985066805e-03 1.109639109e-04
3133	3812	1	 2.639065372e-03 3.109854613e-05
3133	3813	1	 1.175487842e-03 6.169870841e-06
3133	3814	1	 3.346259355e-03 4.999873154e-05
3133	3815	1	 6.281708053e-04 1.761956923e-06
3133	3816	1	 2.183076368e-03 2.128029512e-05
3133	3817	1	 9.337188102e-04 3.892888865e-06
3133	3818	1	 1.169290541e-03 6.104985865e-06
3134	3803	1	 3.798891420e-03 6.443970611e-05
3134	3812	1	 1.806003762e-03 1.456387997e-05
3134	3813	1	 1.568884638e-03 1.099061034e-05
3134	3814	1	 1.175555648e-03 6.170582657e-06
3134	3815	1	 8.841626862e-04 3.490632718e-06
3134	3816	1	 6.182591025e-04 1.706792901e-06
3134	3817	1	 5.202396007e-04 1.208499862e-06
3134	3818	1	 6.703266129e-04 2.006377798e-06
3135	3803	1	 3.893924893e-03 6.770409397e-05
3135	3813	1	 2.983308543e-03 3.974075678e-05
3135	3815	1	 1.177230683e-03 6.188179971e-06
3135	3816	1	 3.390916443e-03 5.134213996e-05
3135	3817	1	 1.288473623e-03 7.412946300e-06
3135	3818	1	 9.423670311e-04 3.965335675e-06
3136	3812	1	 4.901377773e-03 1.072694722e-04
3136	3813	1	 3.695562721e-03 6.098189905e-05
3136	3814	1	 3.004396329e-03 4.030456471e-05
3136	3815	1	 1.559994063e-03 1.086639982e-05
3136	3816	1	 1.177401257e-03 6.189973362e-06
3136	3817	1	 7.662273097e-04 2.621531277e-06
3136	3818	1	 5.172584163e-04 1.194689155e-06
3137	3813	1	 4.769314561e-03 1.015667894e-04
3137	3815	1	 1.756989227e-03 1.378408641e-05
3137	3816	1	 2.629253828e-03 3.086773900e-05
3137	3817	1	 1.178154688e-03 6.197897944e-06
3137	3818	1	 6.249070819e-04 1.743695644e-06
3138	3815	1	 4.746934424e-03 1.006158161e-04
3138	3817	1	 2.992012254e-03 3.997297992e-05
3138	3818	1	 1.180162876e-03 6.219044840e-06
3139	3162	1	 1.765006506e-03 1.391016914e-05
3139	3163	1	 5.788340584e-04 1.496056321e-06
3139	3164	1	 1.868765077e-03 1.559370122e-05
3139	3231	1	 4.433856724e-03 8.778152068e-05
3139	3237	1	 3.556184341e-03 5.646876899e-05
3139	3239	1	 2.102302201e-03 1.973467960e-05
3139	3241	1	 3.242235417e-03 4.693846475e-05
3139	3242	1	 3.453981678e-03 5.326965067e-05
3139	3803	1	 3.908331459e-03 6.820599775e-05
3139	3808	1	 3.913357936e-03 6.838154908e-05
3139	3809	1	 3.340150266e-03 4.981633809e-05
3139	3819	1	 1.169669337e-03 6.108941970e-06
3139	3820	1	 1.786704065e-03 1.425427197e-05
3139	3821	1	 1.905953670e-03 1.622050865e-05
3139	3822	1	 7.514791255e-04 2.521585116e-06
3139	3823	1	 9.898632884e-04 4.375122576e-06
3139	3824	1	 4.314491669e-03 8.311876068e-05
3140	3162	1	 1.947447344e-03 1.693445550e-05
3140	3163	1	 4.129446088e-04 7.614184410e-07
3140	3164	1	 2.960186767e-03 3.912713198e-05
3140	3231	1	 1.757020809e-03 1.378458195e-05
3140	3232	1	 4.695057160e-03 9.842865659e-05
3140	3236	1	 1.958439770e-03 1.712616915e-05
3140	3237	1	 7.569825631e-04 2.558653881e-06
3140	3238	1	 2.506648558e-03 2.805606031e-05
3140	3239	1	 3.324329399e-04 4.934553824e-07
3140	3240	1	 1.486230946e-03 9.863076228e-06
3140	3241	1	 5.286992201e-04 1.248122261e-06
3140	3242	1	 6.498903073e-04 1.885905422e-06
3140	3809	1	 4.403557256e-03 8.658588191e-05
3140	3819	1	 1.322934439e-03 7.814774203e-06
3140	3820	1	 1.168418338e-03 6.095881537e-06
3140	3821	1	 1.006296632e-03 4.521596753e-06
3140	3822	1	 2.552467107e-04 2.909109696e-07
3140	3823	1	 4.449946441e-04 8.841976524e-07
3140	3824	1	 2.078008519e-03 1.928121675e-05
3140	3825	1	 3.850509881e-03 6.620278721e-05
3141	3163	1	 2.757905546e-03 3.396241513e-05
3141	3231	1	 2.074020043e-04 1.920727205e-07
3141	3232	1	 9.281152194e-04 3.846303751e-06
3141	3233	1	 4.498252293e-03 9.034984456e-05
3141	3235	1	 1.535596085e-03 1.052916137e-05
3141	3236	1	 5.319688633e-04 1.263607562e-06
3141	3237	1	 2.310164771e-04 2.383009114e-07
3141	3238	1	 9.331750720e-04 3.888356246e-06
3141	3239	1	 2.064904640e-04 1.903880958e-07
3141	3240	1	 8.740808926e-04 3.411481677e-06
3141	3241	1	 4.439467476e-04 8.800382463e-07
3141	3242	1	 1.047150963e-03 4.896191349e-06
3141	3819	1	 3.016355967e-03 4.062608512e-05
3141	3820	1	 2.344147675e-03 2.453633683e-05
3141	3821	1	 1.168786677e-03 6.099725545e-06
3141	3822	1	 2.152599440e-04 2.069027369e-07
3141	3823	1	 1.397027241e-03 8.714641765e-06
3141	3824	1	 5.216778609e-03 1.215191163e-04
3141	3825	1	 3.589620777e-03 5.753563759e-05
3141	3911	1	 3.139591864e-03 4.401352779e-05
3142	3231	1	 1.243426611e-04 6.903671290e-08
3142	3232	1	 8.842114400e-04 3.491017684e-06
3142	3233	1	 3.828690699e-03 6.545462760e-05
3142	3234	1	 4.413298539e-03 8.696938570e-05
3142	3235	1	 1.377850799e-03 8.477038874e-06
3142	3236	1	 5.681663175e-04 1.441420710e-06
3142	3237	1	 4.776170762e-04 1.018590171e-06
3142	3238	1	 7.294323489e-04 2.375799730e-06
3142	3239	1	 5.362377400e-04 1.283969010e-06
3142	3240	1	 8.088739389e-04 2.921470302e-06
3142	3241	1	 7.002361202e-04 2.189418624e-06
3142	3242	1	 1.701254187e-03 1.292344218e-05
3142	3821	1	 4.550237207e-03 9.245020197e-05
3142	3822	1	 1.168647418e-03 6.098272085e-06
3142	3823	1	 4.972280333e-03 1.103954061e-04
3143	3148	1	 4.571536386e-03 9.331772688e-05
3143	3158	1	 3.258745869e-03 4.741773193e-05
3143	3159	1	 4.050482009e-03 7.325768738e-05
3143	3162	1	 1.076960953e-03 5.178925994e-06
3143	3163	1	 2.010778998e-04 1.805379350e-07
3143	3164	1	 2.683405656e-03 3.215233006e-05
3143	3231	1	 3.743704035e-03 6.258104412e-05
3143	3236	1	 2.786464766e-03 3.466944597e-05
3143	3237	1	 1.539890487e-03 1.058813480e-05
3143	3238	1	 2.250189823e-03 2.260883070e-05
3143	3239	1	 5.585191599e-04 1.392887182e-06
3143	3240	1	 9.400426985e-04 3.945798930e-06
3143	3241	1	 4.006205010e-04 7.166483895e-07
3143	3242	1	 3.181870805e-04 4.520691523e-07
3143	3819	1	 4.829630262e-03 1.041519865e-04
3143	3820	1	 3.857126637e-03 6.643050981e-05
3143	3821	1	 4.035965507e-03 7.273353264e-05
3143	3822	1	 1.408960784e-03 8.864160285e-06
3143	3823	1	 1.167315228e-03 6.084376661e-06
3143	3824	1	 3.302672029e-03 4.870467912e-05
3144	3146	1	 2.419062418e-03 2.612967082e-05
3144	3147	1	 1.359654239e-03 8.254613655e-06
3144	3148	1	 1.047143805e-03 4.896124419e-06
3144	3149	1	 1.917956497e-03 1.642545067e-05
3144	3158	1	 8.428006356e-04 3.171680986e-06
3144	3159	1	 1.518546646e-03 1.029665268e-05
3144	3160	1	 5.177306978e-03 1.196871767e-04
3144	3162	1	 4.767051545e-04 1.014704264e-06
3144	3163	1	 4.752662048e-05 1.008587675e-08
3144	3164	1	 1.768654485e-03 1.396772864e-05
3144	3236	1	 2.875148635e-03 3.691138930e-05
3144	3237	1	 1.422496384e-03 9.035290739e-06
3144	3238	1	 1.957652194e-03 1.711239752e-05
3144	3239	1	 3.125952754e-04 4.363194862e-07
3144	3240	1	 5.220944176e-04 1.217132584e-06
3144	3241	1	 1.407976788e-04 8.851783426e-08
3144	3242	1	 4.329393989e-05 8.369393922e-09
3144	3400	1	 3.527113542e-03 5.554931019e-05
3144	3819	1	 4.450565515e-03 8.844436877e-05
3144	3820	1	 2.748276053e-03 3.372566308e-05
3144	3821	1	 3.538644469e-03 5.591311026e-05
3144	3822	1	 1.429675851e-03 9.126724736e-06
3144	3823	1	 5.317071729e-04 1.262364660e-06
3144	3824	1	 1.166350757e-03 6.074326622e-06
3145	3231	1	 8.843172950e-05 3.491853601e-08
3145	3232	1	 3.243444498e-04 4.697347947e-07
3145	3233	1	 2.007882611e-03 1.800182050e-05
3145	3234	1	 3.468801598e-03 5.372775708e-05
3145	3235	1	 7.917309237e-04 2.798949133e-06
3145	3236	1	 3.290101969e-04 4.833464197e-07
3145	3237	1	 9.351069501e-05 3.904472420e-08
3145	3238	1	 9.986501219e-04 4.453141635e-06
3145	3239	1	 1.492805520e-04 9.950530936e-08
3145	3240	1	 1.253634949e-03 7.017492732e-06
3145	3241	1	 5.987422905e-04 1.600735802e-06
3145	3242	1	 1.701696860e-03 1.293016851e-05
3145	3243	1	 5.173460811e-03 1.195094140e-04
3145	3819	1	 1.824719807e-03 1.486730195e-05
3145	3820	1	 1.286311670e-03 7.388090545e-06
3145	3821	1	 3.829809751e-04 6.549289542e-07
3145	3822	1	 4.483074841e-05 8.974117838e-09
3145	3823	1	 1.130112729e-03 5.702736730e-06
3145	3824	1	 4.614154390e-03 9.506574012e-05
3145	3825	1	 1.169375282e-03 6.105870774e-06
3145	3911	1	 7.724933347e-04 2.664583115e-06
3145	3912	1	 4.379698553e-03 8.565017002e-05
3145	3918	1	 4.990202642e-03 1.111926686e-04
