1702	2381	1	 1.473109594e-03 2.323281873e-06
1702	2384	1	 2.068510331e-03 4.580861658e-06
1703	2384	1	 1.254300643e-03 1.684360614e-06
1705	2381	1	 3.410383698e-03 1.245197600e-05
1706	2388	1	 1.865511298e-03 3.725868773e-06
1707	2381	1	 1.409866134e-03 2.128078013e-06
1707	2385	1	 2.881325086e-03 8.888250962e-06
1707	2386	1	 1.541862283e-03 2.545206111e-06
1707	2388	1	 5.224321981e-04 2.922077014e-07
1707	2390	1	 1.070600478e-03 1.227118924e-06
1709	2386	1	 2.647400064e-03 7.503621821e-06
1709	2388	1	 6.758161301e-04 4.889775204e-07
1709	2390	1	 5.091489958e-04 2.775374354e-07
1709	2391	1	 1.822079967e-03 3.554402896e-06
1711	2388	1	 2.580189091e-03 7.127461123e-06
1711	2390	1	 1.507831430e-03 2.434094142e-06
1712	2390	1	 2.550760605e-03 6.965803024e-06
1713	2381	1	 2.876216882e-03 8.856763538e-06
1713	2383	1	 1.415377806e-03 2.144749376e-06
1713	2384	1	 2.383827407e-04 6.083890726e-08
1714	2383	1	 3.290371431e-03 1.159101957e-05
1714	2384	1	 6.443611067e-04 4.445190988e-07
1715	2384	1	 1.441410004e-03 2.224369090e-06
1715	2394	1	 3.125590186e-03 1.045913713e-05
1715	2400	1	 2.559575935e-03 7.014033316e-06
1716	2383	1	 1.524727291e-03 2.488949789e-06
1716	2384	1	 7.379941667e-04 5.830927558e-07
1716	2393	1	 1.706134380e-03 3.116436316e-06
1716	2394	1	 9.154921367e-04 8.973069357e-07
1716	2395	1	 1.237173510e-03 1.638675696e-06
1716	2400	1	 6.438962066e-04 4.438778980e-07
1716	2401	1	 2.776740490e-03 8.254720522e-06
1716	2404	1	 2.089466175e-03 4.674148195e-06
1716	2405	1	 3.681912699e-03 1.451372071e-05
1717	2383	1	 2.441622864e-03 6.382472527e-06
1717	2384	1	 3.659054570e-04 1.433407131e-07
1717	2394	1	 2.496950522e-03 6.675006014e-06
1717	2399	1	 2.906268049e-03 9.042804101e-06
1718	2383	1	 1.824141530e-03 3.562450592e-06
1718	2384	1	 2.032688310e-04 4.423574712e-08
1721	2400	1	 3.610839353e-03 1.395880119e-05
1721	2403	1	 1.677587655e-03 3.013021502e-06
1721	2404	1	 2.757112925e-03 8.138434939e-06
1722	2403	1	 1.132953294e-03 1.374218532e-06
1725	2404	1	 2.962091283e-03 9.393526479e-06
1725	2407	1	 2.606659712e-03 7.274455091e-06
1728	2402	1	 1.397561524e-03 2.091094497e-06
1728	2403	1	 2.016659077e-04 4.354083554e-08
1728	2404	1	 3.601333136e-03 1.388539957e-05
1728	2406	1	 3.460122659e-03 1.281783795e-05
1729	2402	1	 3.510043995e-03 1.319036787e-05
1729	2403	1	 6.571635164e-04 4.623583203e-07
1730	2402	1	 3.884934804e-03 1.615843359e-05
1730	2403	1	 1.223711197e-03 1.603207204e-06
1730	2409	1	 2.652008491e-03 7.529768223e-06
1730	2413	1	 2.144130361e-03 4.921915583e-06
1730	2416	1	 3.415036553e-03 1.248597615e-05
1731	2402	1	 1.257799007e-03 1.693769401e-06
1731	2403	1	 5.140706187e-04 2.829289276e-07
1731	2406	1	 2.376240005e-03 6.045223945e-06
1731	2408	1	 1.267653336e-03 1.720413316e-06
1731	2409	1	 4.549870227e-04 2.216306434e-07
1731	2410	1	 8.462905228e-04 7.667799399e-07
1731	2412	1	 2.984502734e-03 9.536208762e-06
1731	2413	1	 2.920424073e-04 9.131111100e-08
1731	2414	1	 2.034489500e-03 4.431417755e-06
1731	2415	1	 3.356490732e-03 1.206153809e-05
1731	2416	1	 1.491228849e-03 2.380786116e-06
1731	2417	1	 3.391391577e-03 1.231367430e-05
1732	2402	1	 3.161387420e-03 1.070008504e-05
1732	2403	1	 5.146041861e-04 2.835165510e-07
1732	2409	1	 3.116161253e-03 1.039612838e-05
1733	2416	1	 2.535450468e-03 6.882433901e-06
1734	2413	1	 3.167539121e-03 1.074176786e-05
1734	2415	1	 2.735171514e-03 8.009417220e-06
1734	2416	1	 4.741116297e-04 2.406539556e-07
1735	2416	1	 8.240454666e-04 7.269995411e-07
1737	2416	1	 1.724560500e-03 3.184114359e-06
1738	2415	1	 1.994769201e-03 4.260073540e-06
1738	2416	1	 2.480919236e-04 6.589569465e-08
1738	2419	1	 3.305404900e-03 1.169717859e-05
1739	2416	1	 1.772648568e-03 3.364163357e-06
1740	2416	1	 3.064126038e-03 1.005182776e-05
1740	2419	1	 3.195154927e-03 1.092988595e-05
1740	2426	1	 1.764957373e-03 3.335033720e-06
1740	2429	1	 2.414265264e-03 6.240246702e-06
1740	2431	1	 3.015219127e-03 9.733511503e-06
1741	2415	1	 3.504516823e-03 1.314885953e-05
1741	2416	1	 1.398013705e-03 2.092447863e-06
1741	2418	1	 2.960564460e-03 9.383845106e-06
1741	2419	1	 6.666005655e-04 4.757328524e-07
1741	2420	1	 8.674538135e-04 8.056093702e-07
1741	2422	1	 2.857513148e-03 8.741948877e-06
1741	2426	1	 2.132101394e-04 4.866844785e-08
1741	2427	1	 1.329119919e-03 1.891298686e-06
1741	2428	1	 2.089543780e-03 4.674495410e-06
1741	2429	1	 9.551507239e-04 9.767324264e-07
1741	2430	1	 2.039312329e-03 4.452452319e-06
1741	2431	1	 6.266965620e-04 4.204810347e-07
1741	2432	1	 1.815065299e-03 3.527088003e-06
1741	2433	1	 2.501561563e-03 6.699681827e-06
1742	2416	1	 2.889353550e-03 8.937852044e-06
1743	2416	1	 2.705814268e-03 7.838405966e-06
1743	2419	1	 1.141723746e-03 1.395577167e-06
1743	2422	1	 8.002785495e-04 6.856684088e-07
1743	2426	1	 2.802412500e-03 8.408062102e-06
1744	2422	1	 2.742526753e-03 8.052551915e-06
1744	2426	1	 3.479196056e-03 1.295954018e-05
1744	2429	1	 3.390668685e-03 1.230842542e-05
1744	2439	1	 3.046483049e-03 9.936405800e-06
1745	2416	1	 3.786778088e-03 1.535223108e-05
1745	2419	1	 1.635834464e-03 2.864906781e-06
1745	2422	1	 4.494636778e-04 2.162823054e-07
1745	2423	1	 2.854836783e-03 8.725581015e-06
1745	2424	1	 3.824984429e-03 1.566358366e-05
1746	2429	1	 1.953875788e-03 4.087198121e-06
1747	2426	1	 3.858511892e-03 1.593938182e-05
1747	2428	1	 2.501468918e-03 6.699185591e-06
1747	2429	1	 3.909728748e-04 1.636534040e-07
1747	2431	1	 2.700372263e-03 7.806908055e-06
1747	2432	1	 1.971668979e-03 4.161978142e-06
1748	2429	1	 7.931342324e-04 6.734807353e-07
1750	2429	1	 1.696224786e-03 3.080339589e-06
1750	2431	1	 2.036789446e-03 4.441442658e-06
1750	2432	1	 5.954143163e-04 3.795511689e-07
1751	2432	1	 1.497636165e-03 2.401288969e-06
1753	2431	1	 1.877838473e-03 3.775272053e-06
1753	2432	1	 5.093518996e-04 2.777586854e-07
1754	2428	1	 2.105507303e-03 4.746191878e-06
1754	2429	1	 2.675075876e-04 7.661326972e-08
1754	2435	1	 2.997152934e-03 9.617220993e-06
1754	2446	1	 3.815167192e-03 1.558328226e-05
1755	2429	1	 2.031055521e-03 4.416470956e-06
1756	2429	1	 3.115346949e-03 1.039069574e-05
1756	2435	1	 3.098766590e-03 1.028038828e-05
1756	2443	1	 3.069313713e-03 1.008589278e-05
1756	2446	1	 2.158835827e-03 4.989660781e-06
1757	2435	1	 1.646499922e-03 2.902386309e-06
1757	2436	1	 2.079784011e-03 4.630930445e-06
1757	2438	1	 3.179952020e-03 1.082612213e-05
1757	2440	1	 2.233455601e-03 5.340555527e-06
1757	2443	1	 9.239572928e-04 9.139776654e-07
1757	2446	1	 2.143204353e-03 4.917665140e-06
1757	2455	1	 3.640587425e-03 1.418974912e-05
1758	2439	1	 2.901729361e-03 9.014582049e-06
1760	2443	1	 3.133142428e-03 1.050974220e-05
1760	2445	1	 1.809251370e-03 3.504528597e-06
1760	2446	1	 1.825160902e-03 3.566433262e-06
1761	2440	1	 3.461761860e-03 1.282998549e-05
1761	2442	1	 3.416706893e-03 1.249819325e-05
1761	2443	1	 8.224572925e-04 7.241999645e-07
1761	2444	1	 3.162440399e-03 1.070721409e-05
1761	2445	1	 7.217278135e-04 5.576717848e-07
1761	2446	1	 1.588746197e-03 2.702345263e-06
1762	2443	1	 9.396703278e-04 9.453286370e-07
1764	2445	1	 1.116868269e-03 1.335474785e-06
1764	2446	1	 3.862629165e-03 1.597341660e-05
1767	2442	1	 1.766075641e-03 3.339261178e-06
1767	2443	1	 2.472953731e-04 6.547323041e-08
1768	2443	1	 1.325665730e-03 1.881481042e-06
1769	2443	1	 3.541816770e-03 1.343024600e-05
1769	2459	1	 1.997354726e-03 4.271124107e-06
1769	2463	1	 2.642855262e-03 7.477880945e-06
1770	2443	1	 2.319758868e-03 5.761259998e-06
1770	2448	1	 2.297595637e-03 5.651698471e-06
1770	2449	1	 1.601706167e-03 2.746613075e-06
1770	2459	1	 6.579986764e-04 4.635342485e-07
1770	2460	1	 1.577525868e-03 2.664310074e-06
1770	2462	1	 3.208400256e-03 1.102069218e-05
1770	2463	1	 5.827362787e-04 3.635598372e-07
1770	2464	1	 3.299959068e-03 1.165866689e-05
1771	2443	1	 1.112003820e-03 1.323866967e-06
1771	2448	1	 2.277273358e-03 5.552161861e-06
1771	2452	1	 2.495764067e-03 6.668664104e-06
1771	2453	1	 2.200999374e-03 5.186467081e-06
1771	2454	1	 3.796347199e-03 1.542991866e-05
1771	2455	1	 3.090215309e-03 1.022372754e-05
1771	2459	1	 3.623006973e-03 1.405303499e-05
1772	2443	1	 3.827473830e-03 1.568397884e-05
1772	2453	1	 3.184083582e-03 1.085427215e-05
1772	2455	1	 2.204966489e-03 5.205180264e-06
1772	2456	1	 3.854636153e-03 1.590737680e-05
1772	2457	1	 2.455489394e-03 6.455173401e-06
1773	2455	1	 2.618980534e-03 7.343385519e-06
1774	2455	1	 3.679378100e-03 1.449374532e-05
1774	2456	1	 2.582899954e-03 7.142445853e-06
1774	2457	1	 2.169812000e-03 5.040527648e-06
1774	2458	1	 2.800167382e-03 8.394595470e-06
1776	2457	1	 3.191825586e-03 1.090712000e-05
1776	2458	1	 2.158199054e-03 4.986717700e-06
1777	2458	1	 2.606616068e-03 7.274211497e-06
1779	2462	1	 3.135294394e-03 1.052418417e-05
1780	2462	1	 1.064902423e-03 1.214091499e-06
1780	2463	1	 1.853205881e-03 3.676877214e-06
1781	2462	1	 8.977846338e-04 8.629311045e-07
1784	2463	1	 2.220897276e-03 5.280666379e-06
1785	2461	1	 1.595552361e-03 2.725548471e-06
1785	2462	1	 1.866731362e-04 3.730743881e-08
1786	2464	1	 3.183606545e-03 1.085102004e-05
1788	2464	1	 3.025479894e-03 9.799870351e-06
1789	2463	1	 3.607336070e-03 1.393172831e-05
1789	2464	1	 9.820267357e-04 1.032472305e-06
1803	2463	1	 1.360147396e-03 1.980631749e-06
1803	2464	1	 2.133571226e-03 4.873557328e-06
1804	2442	1	 3.550483954e-03 1.349605676e-05
1804	2443	1	 2.536224797e-03 6.886638344e-06
1804	2444	1	 1.814952051e-03 3.526647879e-06
1804	2445	1	 2.358185147e-03 5.953708768e-06
1808	2445	1	 2.196117075e-03 5.163483163e-06
1817	2432	1	 3.794552472e-03 1.541533309e-05
1817	2445	1	 3.675565077e-03 1.446372049e-05
1843	2407	1	 3.573536425e-03 1.367187926e-05
1844	2407	1	 3.306098576e-03 1.170208868e-05
1859	2388	1	 1.365922180e-03 1.997485808e-06
1859	2390	1	 3.536207662e-03 1.338774123e-05
1860	2407	1	 1.204285796e-03 1.552712022e-06
1861	2385	1	 1.325039744e-03 1.879704570e-06
1861	2386	1	 2.028498053e-03 4.405355679e-06
1861	2388	1	 7.008250031e-04 5.258367838e-07
1861	2390	1	 3.372805111e-03 1.217907436e-05
1862	2385	1	 2.594105135e-03 7.204551239e-06
1862	2388	1	 3.107338589e-03 1.033734343e-05
1862	2407	1	 1.313448867e-03 1.846962715e-06
1863	2385	1	 1.304261385e-03 1.821214336e-06
1863	2404	1	 2.479538919e-03 6.582238986e-06
1863	2405	1	 7.179077680e-04 5.517839870e-07
1863	2407	1	 2.902024105e-04 9.016413460e-08
1876	2462	1	 3.535236927e-03 1.338039202e-05
1877	2461	1	 2.318093497e-03 5.752990871e-06
1877	2462	1	 4.094282135e-04 1.794681229e-07
1879	2461	1	 1.542373972e-03 2.546895717e-06
1879	2462	1	 2.863235343e-04 8.776995590e-08
1879	2463	1	 1.569252479e-03 2.636437222e-06
1879	2464	1	 3.262830449e-03 1.139779393e-05
1881	2462	1	 2.467007375e-03 6.515874085e-06
1882	2463	1	 2.606739507e-03 7.274900466e-06
1882	2464	1	 2.707197047e-03 7.846419489e-06
2382	3061	1	 1.472951095e-03 2.322781953e-06
2382	3064	1	 2.067744489e-03 4.577470263e-06
2383	3064	1	 1.254940436e-03 1.686079367e-06
2385	2539	1	 1.282184142e-03 1.760080739e-06
2385	2541	1	 9.301207090e-04 9.262120262e-07
2385	3061	1	 3.405989031e-03 1.241990510e-05
2386	2539	1	 8.452276550e-04 7.648551308e-07
2386	2541	1	 1.162946385e-03 1.447942028e-06
2386	3068	1	 1.869668389e-03 3.742492671e-06
2387	2539	1	 2.263856842e-03 5.486933645e-06
2387	2541	1	 2.383491078e-03 6.082174121e-06
2387	3061	1	 1.404247074e-03 2.111148791e-06
2387	3065	1	 2.878201039e-03 8.868987424e-06
2387	3066	1	 1.542857804e-03 2.548493854e-06
2387	3068	1	 5.234234068e-04 2.933175625e-07
2387	3070	1	 1.073774856e-03 1.234406637e-06
2388	2536	1	 3.588824551e-03 1.378911019e-05
2388	2537	1	 3.132706870e-03 1.050682036e-05
2388	2539	1	 7.522451096e-04 6.058296631e-07
2388	2541	1	 2.219003956e-03 5.271666655e-06
2389	3066	1	 2.644199597e-03 7.485490388e-06
2389	3068	1	 6.752747681e-04 4.881944441e-07
2389	3070	1	 5.096981627e-04 2.781364606e-07
2389	3071	1	 1.825620491e-03 3.568229595e-06
2390	2539	1	 1.926584366e-03 3.973816887e-06
2390	2550	1	 3.344702322e-03 1.197696364e-05
2391	2550	1	 3.056181719e-03 9.999772848e-06
2391	3068	1	 2.578506324e-03 7.118167273e-06
2391	3070	1	 1.508105674e-03 2.434979647e-06
2392	2550	1	 9.302821758e-04 9.265336307e-07
2392	3070	1	 2.546018544e-03 6.939927169e-06
2393	3061	1	 2.884195300e-03 8.905967734e-06
2393	3063	1	 1.417991686e-03 2.152678419e-06
2393	3064	1	 2.386099259e-04 6.095492477e-08
2394	3063	1	 3.300159245e-03 1.166008137e-05
2394	3064	1	 6.459065345e-04 4.466539141e-07
2395	2543	1	 3.842640768e-03 1.580852534e-05
2395	3064	1	 1.442910086e-03 2.229001321e-06
2395	3074	1	 3.128823524e-03 1.048078770e-05
2395	3080	1	 2.559290677e-03 7.012470012e-06
2396	2542	1	 3.180701025e-03 1.083122270e-05
2396	2543	1	 7.993277419e-04 6.840400970e-07
2396	3063	1	 1.529026182e-03 2.503004509e-06
2396	3064	1	 7.383101244e-04 5.835921420e-07
2396	3073	1	 1.710072918e-03 3.130841244e-06
2396	3074	1	 9.158338640e-04 8.979769393e-07
2396	3075	1	 1.237212405e-03 1.638778733e-06
2396	3080	1	 6.427645780e-04 4.423190644e-07
2396	3081	1	 2.773625894e-03 8.236212703e-06
2396	3084	1	 2.088801280e-03 4.671173921e-06
2396	3085	1	 3.688333190e-03 1.456438267e-05
2397	3063	1	 2.450592457e-03 6.429452209e-06
2397	3064	1	 3.671953395e-04 1.443530979e-07
2397	3074	1	 2.501003152e-03 6.696691092e-06
2397	3079	1	 2.906384184e-03 9.043526820e-06
2398	3063	1	 1.829789859e-03 3.584546513e-06
2398	3064	1	 2.040225237e-04 4.456439535e-08
2401	3080	1	 3.614511004e-03 1.398720340e-05
2401	3083	1	 1.674443437e-03 3.001737776e-06
2401	3084	1	 2.762682656e-03 8.171349572e-06
2402	3083	1	 1.132913581e-03 1.374122193e-06
2405	2523	1	 2.586121815e-03 7.160275676e-06
2405	2540	1	 1.506401983e-03 2.429481213e-06
2405	2542	1	 1.440385591e-03 2.221208486e-06
2405	2543	1	 9.903023961e-04 1.049947170e-06
2405	3084	1	 2.961015589e-03 9.386705130e-06
2405	3087	1	 2.608127134e-03 7.282647721e-06
2406	2523	1	 3.183555167e-03 1.085066981e-05
2406	2524	1	 2.665364239e-03 7.605800345e-06
2407	2521	1	 3.613394449e-03 1.397856319e-05
2407	2522	1	 9.359666755e-04 9.378914142e-07
2407	2523	1	 6.842769007e-04 5.012975096e-07
2407	2524	1	 2.580396204e-03 7.128605419e-06
2407	2538	1	 1.551143969e-03 2.575941553e-06
2407	2540	1	 6.764255753e-04 4.898598296e-07
2407	2542	1	 1.404599688e-03 2.112209166e-06
2407	2543	1	 2.115381454e-03 4.790812486e-06
2408	3082	1	 1.400008656e-03 2.098423925e-06
2408	3083	1	 2.019755115e-04 4.367462866e-08
2408	3084	1	 3.611573484e-03 1.396447778e-05
2408	3086	1	 3.465015166e-03 1.285411163e-05
2409	3082	1	 3.514865060e-03 1.322662683e-05
2409	3083	1	 6.582351842e-04 4.638675293e-07
2410	3083	1	 1.225949122e-03 1.609076460e-06
2410	3089	1	 2.648384588e-03 7.509203805e-06
2410	3093	1	 2.138889338e-03 4.897883142e-06
2410	3096	1	 3.404073576e-03 1.240593966e-05
2411	3082	1	 1.261603867e-03 1.704032253e-06
2411	3083	1	 5.155709549e-04 2.845828169e-07
2411	3086	1	 2.385672972e-03 6.093314695e-06
2411	3088	1	 1.269984901e-03 1.726747766e-06
2411	3089	1	 4.541341583e-04 2.208005374e-07
2411	3090	1	 8.440656821e-04 7.627536140e-07
2411	3092	1	 2.982133887e-03 9.521076692e-06
2411	3093	1	 2.907659460e-04 9.051464877e-08
2411	3094	1	 2.028375719e-03 4.404824339e-06
2411	3095	1	 3.343098728e-03 1.196548185e-05
2411	3096	1	 1.484615670e-03 2.359716711e-06
2411	3097	1	 3.391130988e-03 1.231178205e-05
2412	3082	1	 3.171903118e-03 1.077138665e-05
2412	3083	1	 5.169800469e-04 2.861405126e-07
2412	3089	1	 3.116947886e-03 1.040137777e-05
2413	3096	1	 2.528181901e-03 6.843029677e-06
2414	3093	1	 3.164045891e-03 1.071808842e-05
2414	3095	1	 2.727949856e-03 7.967178619e-06
2414	3096	1	 4.722369706e-04 2.387546047e-07
2415	2510	1	 3.633655270e-03 1.413576229e-05
2415	3096	1	 8.223336855e-04 7.239823009e-07
2416	2510	1	 3.130080926e-03 1.048921337e-05
2417	2507	1	 3.236517522e-03 1.121470135e-05
2417	2508	1	 1.824679494e-03 3.564552132e-06
2417	2509	1	 1.043390691e-03 1.165536030e-06
2417	2510	1	 7.204554572e-04 5.557072444e-07
2417	3096	1	 1.717594930e-03 3.158444768e-06
2417	3190	1	 1.144865439e-03 1.403268181e-06
2418	3095	1	 1.995706551e-03 4.264078131e-06
2418	3096	1	 2.482659283e-04 6.598816188e-08
2418	3099	1	 3.305805702e-03 1.170001548e-05
2419	3096	1	 1.776459684e-03 3.378644510e-06
2420	3096	1	 3.070693787e-03 1.009496478e-05
2420	3099	1	 3.198979255e-03 1.095606588e-05
2420	3106	1	 1.766319825e-03 3.340184640e-06
2420	3109	1	 2.412657955e-03 6.231940521e-06
2420	3111	1	 3.021411812e-03 9.773534114e-06
2421	3095	1	 3.511142922e-03 1.319862845e-05
2421	3096	1	 1.400987900e-03 2.101360460e-06
2421	3098	1	 2.964140671e-03 9.406529210e-06
2421	3099	1	 6.669864181e-04 4.762837546e-07
2421	3100	1	 8.681882143e-04 8.069740323e-07
2421	3102	1	 2.852592774e-03 8.711869140e-06
2421	3106	1	 2.133492272e-04 4.873196637e-08
2421	3107	1	 1.329739872e-03 1.893063447e-06
2421	3108	1	 2.089565465e-03 4.674592430e-06
2421	3109	1	 9.540889943e-04 9.745621944e-07
2421	3110	1	 2.044746411e-03 4.476212514e-06
2421	3111	1	 6.291153320e-04 4.237330377e-07
2421	3112	1	 1.822655034e-03 3.556646861e-06
2421	3113	1	 2.512265873e-03 6.757141064e-06
2422	3096	1	 2.897127757e-03 8.986013816e-06
2423	3096	1	 2.716245758e-03 7.898959914e-06
2423	3099	1	 1.145966455e-03 1.405968523e-06
2423	3102	1	 8.021699675e-04 6.889133242e-07
2423	3106	1	 2.806670137e-03 8.433629834e-06
2424	3102	1	 2.749669488e-03 8.094551240e-06
2424	3106	1	 3.487634489e-03 1.302248048e-05
2424	3109	1	 3.397094256e-03 1.235512039e-05
2424	3119	1	 3.044207158e-03 9.921565261e-06
2425	3096	1	 3.798221251e-03 1.544515625e-05
2425	3099	1	 1.640252233e-03 2.880401731e-06
2425	3102	1	 4.504752099e-04 2.172569010e-07
2425	3103	1	 2.854639589e-03 8.724375641e-06
2425	3104	1	 3.823281418e-03 1.564963886e-05
2426	3109	1	 1.954497908e-03 4.089801288e-06
2427	3106	1	 3.863652064e-03 1.598187785e-05
2427	3108	1	 2.502930920e-03 6.707018661e-06
2427	3109	1	 3.909621721e-04 1.636444442e-07
2427	3111	1	 2.707738262e-03 7.849557073e-06
2427	3112	1	 1.978781541e-03 4.192059988e-06
2428	3109	1	 7.942673553e-04 6.754064663e-07
2430	2497	1	 1.217881294e-03 1.587967858e-06
2430	3109	1	 1.694165184e-03 3.072863667e-06
2430	3111	1	 2.041091533e-03 4.460224820e-06
2430	3112	1	 5.977174441e-04 3.824931388e-07
2431	2510	1	 2.454037033e-03 6.447539510e-06
2431	3112	1	 1.500739908e-03 2.411252279e-06
2432	2495	1	 2.661997749e-03 7.586599456e-06
2432	2496	1	 1.820727509e-03 3.549128269e-06
2432	2497	1	 2.302471296e-03 5.675710526e-06
2432	2510	1	 2.906088402e-03 9.041686195e-06
2433	2507	1	 1.021497889e-03 1.117137769e-06
2433	2508	1	 2.149744352e-03 4.947723496e-06
2433	2510	1	 6.051230877e-04 3.920299382e-07
2433	3111	1	 1.877602891e-03 3.774324866e-06
2433	3112	1	 5.094761620e-04 2.778942270e-07
2433	3190	1	 2.629456039e-03 7.402247747e-06
2434	3108	1	 2.109529606e-03 4.764343190e-06
2434	3109	1	 2.683831650e-04 7.711561528e-08
2434	3115	1	 2.996121010e-03 9.610599689e-06
2434	3126	1	 3.818181671e-03 1.560791764e-05
2435	3109	1	 2.036831333e-03 4.441625341e-06
2436	3109	1	 3.122613665e-03 1.043922599e-05
2436	3115	1	 3.102292811e-03 1.030379858e-05
2436	3123	1	 3.064749684e-03 1.005591991e-05
2436	3125	1	 3.897039328e-03 1.625928205e-05
2436	3126	1	 2.167034465e-03 5.027631338e-06
2437	3115	1	 1.650412163e-03 2.916195390e-06
2437	3116	1	 2.084259961e-03 4.650884554e-06
2437	3118	1	 3.181281484e-03 1.083517633e-05
2437	3120	1	 2.239780967e-03 5.370848319e-06
2437	3123	1	 9.234771328e-04 9.130279647e-07
2437	3126	1	 2.152626612e-03 4.960999665e-06
2437	3135	1	 3.632923650e-03 1.413007051e-05
2438	3119	1	 2.904329290e-03 9.030743289e-06
2440	3123	1	 3.125319515e-03 1.045732572e-05
2440	3125	1	 1.813110944e-03 3.519496572e-06
2440	3126	1	 1.830544522e-03 3.587503885e-06
2441	2484	1	 1.641535485e-03 2.884910459e-06
2441	3120	1	 3.462241789e-03 1.283354316e-05
2441	3122	1	 3.407241102e-03 1.242903812e-05
2441	3123	1	 8.191607228e-04 7.184061291e-07
2441	3124	1	 3.165458731e-03 1.072766244e-05
2441	3125	1	 7.223943479e-04 5.587023092e-07
2441	3126	1	 1.591565834e-03 2.711945783e-06
2442	2484	1	 1.964147805e-03 4.130285946e-06
2442	3123	1	 9.374504889e-04 9.408675008e-07
2444	2482	1	 2.821296301e-03 8.521757794e-06
2444	2484	1	 9.027909281e-04 8.725818201e-07
2444	2497	1	 1.721230807e-03 3.171830779e-06
2444	3125	1	 1.115372626e-03 1.331900406e-06
2444	3126	1	 3.863076124e-03 1.597711349e-05
2445	2497	1	 9.215779944e-04 9.092765268e-07
2446	2497	1	 1.101845494e-03 1.299789990e-06
2447	2482	1	 3.709927616e-03 1.473542479e-05
2447	2484	1	 9.595053706e-04 9.856588090e-07
2447	3122	1	 1.764631400e-03 3.333801927e-06
2447	3123	1	 2.470513431e-04 6.534407679e-08
2448	2484	1	 3.401604458e-03 1.238794909e-05
2448	3123	1	 1.327019197e-03 1.885324881e-06
2449	2482	1	 2.859996559e-03 8.757150406e-06
2449	2483	1	 1.128697115e-03 1.363912839e-06
2449	2484	1	 1.918074326e-03 3.938788418e-06
2449	3123	1	 3.544309987e-03 1.344916075e-05
2449	3139	1	 1.995801372e-03 4.264483335e-06
2449	3143	1	 2.645461576e-03 7.492637193e-06
2450	2482	1	 8.187013005e-04 7.176005259e-07
2450	2483	1	 2.255234951e-04 5.445219293e-08
2450	2484	1	 4.493009029e-04 2.161256789e-07
2450	3123	1	 2.319262517e-03 5.758794828e-06
2450	3128	1	 2.294135922e-03 5.634690652e-06
2450	3129	1	 1.599336397e-03 2.738491702e-06
2450	3139	1	 6.567065459e-04 4.617155256e-07
2450	3140	1	 1.575358371e-03 2.656993656e-06
2450	3142	1	 3.203001849e-03 1.098363688e-05
2450	3143	1	 5.833893144e-04 3.643751308e-07
2450	3144	1	 3.304987088e-03 1.169422167e-05
2451	3123	1	 1.114523470e-03 1.329873171e-06
2451	3128	1	 2.279090032e-03 5.561023763e-06
2451	3132	1	 2.490184633e-03 6.638881019e-06
2451	3133	1	 2.198187018e-03 5.173221395e-06
2451	3134	1	 3.787770584e-03 1.536027962e-05
2451	3135	1	 3.090946206e-03 1.022856434e-05
2451	3139	1	 3.622677552e-03 1.405047957e-05
2452	3123	1	 3.832987149e-03 1.572919563e-05
2452	3133	1	 3.181020696e-03 1.083339996e-05
2452	3135	1	 2.205779651e-03 5.209020176e-06
2452	3136	1	 3.842203952e-03 1.580493145e-05
2452	3137	1	 2.454089120e-03 6.447813212e-06
2453	3135	1	 2.617699581e-03 7.336203923e-06
2454	3135	1	 3.684414038e-03 1.453344744e-05
2454	3136	1	 2.576867600e-03 7.109122496e-06
2454	3137	1	 2.170412038e-03 5.043315838e-06
2454	3138	1	 2.799443317e-03 8.390254695e-06
2456	3137	1	 3.193242645e-03 1.091680691e-05
2456	3138	1	 2.157612929e-03 4.984009475e-06
2457	3138	1	 2.608612281e-03 7.285357312e-06
2459	2483	1	 2.409895205e-03 6.217676219e-06
2459	3142	1	 3.130848979e-03 1.049436164e-05
2460	2483	1	 1.720752813e-03 3.170069358e-06
2460	2557	1	 3.156398975e-03 1.066634373e-05
2460	2559	1	 1.387085478e-03 2.059862530e-06
2460	2561	1	 2.203779047e-03 5.199575477e-06
2460	2562	1	 2.712825231e-03 7.879078362e-06
2460	3142	1	 1.063229981e-03 1.210281004e-06
2460	3143	1	 1.855074729e-03 3.684296778e-06
2461	2551	1	 8.642356479e-04 7.996430002e-07
2461	2552	1	 3.868587434e-03 1.602273395e-05
2461	2556	1	 2.219553225e-03 5.274276764e-06
2461	2557	1	 9.632285950e-04 9.933230684e-07
2461	2559	1	 8.623884956e-04 7.962284594e-07
2461	2560	1	 3.645138598e-03 1.422524909e-05
2461	2561	1	 1.851268103e-03 3.669191885e-06
2461	3142	1	 8.973800638e-04 8.621535519e-07
2462	2551	1	 5.188470963e-04 2.882110110e-07
2462	2552	1	 3.689435119e-03 1.457308649e-05
2462	2556	1	 2.372255023e-03 6.024965126e-06
2462	2557	1	 1.992715141e-03 4.251304664e-06
2462	2558	1	 3.043756418e-03 9.918627408e-06
2462	2559	1	 2.239001694e-03 5.367111679e-06
2462	2560	1	 3.373818133e-03 1.218639144e-05
2462	2561	1	 2.920068948e-03 9.128890544e-06
2463	2483	1	 8.377092718e-04 7.513087249e-07
2463	2559	1	 2.331055362e-03 5.817507660e-06
2463	2561	1	 1.671841121e-03 2.992414799e-06
2463	2562	1	 1.329107538e-03 1.891263453e-06
2464	2478	1	 3.514962452e-03 1.322735983e-05
2464	2482	1	 1.987553966e-03 4.229311242e-06
2464	2483	1	 1.979836877e-04 4.196532648e-08
2464	2559	1	 1.304179698e-03 1.820986217e-06
2464	2560	1	 2.179569083e-03 5.085961468e-06
2464	2561	1	 5.878086007e-04 3.699164633e-07
2464	2562	1	 1.808861611e-04 3.503018830e-08
2464	3143	1	 2.218728761e-03 5.270359182e-06
2465	2551	1	 3.684132451e-04 1.453122605e-07
2465	2552	1	 1.351422167e-03 1.955302090e-06
2465	2555	1	 3.297079586e-03 1.163832950e-05
2465	2556	1	 1.372122800e-03 2.015662192e-06
2465	2557	1	 3.896535630e-04 1.625507926e-07
2465	2559	1	 6.235273960e-04 4.162390940e-07
2465	2561	1	 2.495496845e-03 6.667236150e-06
2465	3141	1	 1.597513449e-03 2.732252510e-06
2465	3142	1	 1.870260373e-04 3.744862980e-08
2465	3231	1	 3.215672470e-03 1.107070817e-05
