766	1700	1	 1.928424325e-03 3.981410796e-06
887	1660	1	 2.095612088e-03 4.701685522e-06
903	1660	1	 3.572793315e-03 1.366619376e-05
936	1617	1	 1.467358780e-03 2.305177745e-06
936	1620	1	 3.371984370e-03 1.217314776e-05
936	1622	1	 1.318631171e-03 1.861566106e-06
936	1628	1	 3.009724807e-03 9.698071095e-06
938	1628	1	 1.418626925e-03 2.154607586e-06
938	1629	1	 3.369297483e-03 1.215375571e-05
938	1631	1	 1.596159148e-03 2.727621909e-06
938	1632	1	 2.523391513e-03 6.817121964e-06
938	1633	1	 1.797755418e-03 3.460134657e-06
939	1617	1	 1.963343349e-03 4.126903356e-06
939	1618	1	 1.231598521e-03 1.623940471e-06
939	1628	1	 2.402261215e-04 6.178346296e-08
939	1629	1	 6.741589097e-04 4.865823425e-07
939	1630	1	 1.520236738e-03 2.474310708e-06
939	1631	1	 7.834297551e-04 6.571006735e-07
939	1632	1	 3.900954057e-04 1.629196464e-07
939	1633	1	 2.008628660e-04 4.319476323e-08
940	1622	1	 2.771143609e-03 8.221477133e-06
941	1622	1	 1.542377079e-03 2.546905979e-06
941	1624	1	 2.563021173e-03 7.032928066e-06
943	1621	1	 1.915350557e-03 3.927609778e-06
943	1622	1	 5.566602588e-04 3.317509859e-07
943	1624	1	 6.840537106e-04 5.009705472e-07
943	1626	1	 2.493825000e-03 6.658305782e-06
945	1622	1	 1.174604899e-03 1.477118724e-06
945	1624	1	 5.457585274e-04 3.188840874e-07
945	1626	1	 1.509588880e-03 2.439771557e-06
945	1627	1	 2.470808464e-03 6.535968471e-06
946	1624	1	 1.874922890e-03 3.763557973e-06
948	1631	1	 1.744636971e-03 3.258681615e-06
949	1630	1	 3.132968997e-03 1.050857873e-05
949	1631	1	 9.068886699e-04 8.805210443e-07
949	1632	1	 2.471711690e-03 6.540747906e-06
950	1631	1	 1.198195070e-03 1.537045926e-06
954	1632	1	 2.750797097e-03 8.101191578e-06
955	1630	1	 2.441448988e-03 6.381563525e-06
955	1631	1	 5.883671925e-04 3.706198572e-07
955	1636	1	 3.610107513e-03 1.395314346e-05
956	1631	1	 2.572971583e-03 7.087641905e-06
957	1643	1	 1.437669537e-03 2.212839569e-06
957	1644	1	 3.743680912e-03 1.500477329e-05
957	1646	1	 1.422485029e-03 2.166342882e-06
957	1647	1	 3.374979040e-03 1.219477938e-05
958	1636	1	 1.547964861e-03 2.565393461e-06
958	1637	1	 1.105783537e-03 1.309097602e-06
958	1643	1	 2.118090206e-04 4.803089639e-08
958	1644	1	 7.330286760e-04 5.752726364e-07
958	1645	1	 1.400350072e-03 2.099447523e-06
958	1646	1	 6.089714725e-04 3.970321583e-07
958	1647	1	 5.752430094e-04 3.542700895e-07
959	1631	1	 1.963710145e-03 4.128445494e-06
959	1636	1	 2.818353266e-03 8.503988129e-06
959	1640	1	 2.775969898e-03 8.250139510e-06
960	1631	1	 3.630049829e-03 1.410772420e-05
961	1643	1	 3.691509540e-03 1.458947882e-05
961	1646	1	 2.688937163e-03 7.740929185e-06
962	1640	1	 2.543198247e-03 6.924560579e-06
963	1646	1	 1.366050841e-03 1.997862124e-06
964	1645	1	 2.688331853e-03 7.737444440e-06
964	1646	1	 4.680191102e-04 2.345087009e-07
964	1647	1	 3.079283915e-03 1.015152421e-05
965	1646	1	 8.294662619e-04 7.365958027e-07
967	1646	1	 3.003310692e-03 9.656779437e-06
968	1645	1	 2.063288074e-03 4.557760743e-06
968	1646	1	 2.723872529e-04 7.943380149e-08
968	1649	1	 3.183547611e-03 1.085061830e-05
969	1646	1	 1.917484388e-03 3.936365902e-06
970	1646	1	 3.125184186e-03 1.045642011e-05
970	1649	1	 2.660154918e-03 7.576099084e-06
970	1653	1	 2.005449677e-03 4.305814590e-06
970	1656	1	 3.745689724e-03 1.502088035e-05
971	1645	1	 3.177828968e-03 1.081167113e-05
971	1646	1	 1.349284932e-03 1.949122471e-06
971	1648	1	 2.413187225e-03 6.234675045e-06
971	1649	1	 4.541684009e-04 2.208338362e-07
971	1650	1	 8.142945092e-04 7.098961166e-07
971	1652	1	 1.696337344e-03 3.080748415e-06
971	1653	1	 2.551864434e-04 6.971833164e-08
971	1654	1	 1.831835279e-03 3.592564924e-06
971	1655	1	 3.282178826e-03 1.153337111e-05
971	1656	1	 1.547722243e-03 2.564589358e-06
971	1657	1	 2.924286879e-03 9.155282275e-06
971	1658	1	 2.912500094e-03 9.081627484e-06
972	1646	1	 3.251774878e-03 1.132068564e-05
973	1656	1	 3.120557468e-03 1.042548236e-05
974	1653	1	 3.205775695e-03 1.100266909e-05
974	1655	1	 3.298612213e-03 1.164915202e-05
974	1656	1	 7.076299377e-04 5.360979967e-07
974	1658	1	 1.156378636e-03 1.431633680e-06
974	1660	1	 1.598679479e-03 2.736242527e-06
975	1656	1	 8.550503194e-04 7.827356869e-07
975	1658	1	 3.710671211e-03 1.474133234e-05
977	1656	1	 3.015662187e-03 9.736372223e-06
977	1658	1	 8.355659893e-04 7.474691901e-07
977	1659	1	 3.080980895e-03 1.016271621e-05
977	1660	1	 4.422550622e-04 2.094003547e-07
978	1660	1	 2.715538046e-03 7.894844335e-06
979	1660	1	 3.363371502e-03 1.211104082e-05
981	1655	1	 1.689780197e-03 3.056977346e-06
981	1656	1	 1.965772148e-04 4.137120233e-08
981	1658	1	 2.552427367e-03 6.974909432e-06
981	1659	1	 3.417194266e-03 1.250175909e-05
982	1656	1	 1.193055976e-03 1.523889333e-06
983	1656	1	 1.838969919e-03 3.620604097e-06
983	1662	1	 2.396576987e-03 6.149142498e-06
983	1669	1	 2.149642390e-03 4.947254165e-06
984	1655	1	 2.118955119e-03 4.807013082e-06
984	1656	1	 8.097045769e-04 7.019157315e-07
984	1659	1	 2.939498563e-03 9.250778711e-06
984	1661	1	 1.754486871e-03 3.295581326e-06
984	1662	1	 3.597909072e-04 1.385900829e-07
984	1663	1	 7.800545471e-04 6.514509674e-07
984	1665	1	 1.634449868e-03 2.860059028e-06
984	1669	1	 2.785517274e-04 8.306986406e-08
984	1670	1	 2.151623677e-03 4.956377960e-06
984	1671	1	 3.396624048e-03 1.235170037e-05
985	1656	1	 1.826850844e-03 3.573040739e-06
986	1655	1	 2.776658183e-03 8.254231160e-06
986	1656	1	 5.532470394e-04 3.276951282e-07
986	1662	1	 2.669355190e-03 7.628594302e-06
986	1665	1	 2.020322557e-03 4.369917253e-06
986	1668	1	 1.840366000e-03 3.626103451e-06
987	1656	1	 1.936161042e-03 4.013421218e-06
987	1662	1	 2.372951038e-03 6.028501069e-06
987	1665	1	 7.412603624e-04 5.882654511e-07
987	1666	1	 1.757490476e-03 3.306874768e-06
987	1668	1	 6.344895541e-04 4.310034443e-07
988	1656	1	 2.009496260e-03 4.323208611e-06
990	1669	1	 2.876297850e-03 8.857262197e-06
990	1671	1	 3.140037979e-03 1.055605367e-05
990	1672	1	 1.742020031e-03 3.248912961e-06
991	1672	1	 2.131095672e-03 4.862254443e-06
993	1672	1	 3.252889734e-03 1.132844946e-05
994	1659	1	 2.499360999e-03 6.687899910e-06
994	1673	1	 2.821391571e-03 8.522333335e-06
995	1672	1	 2.327562539e-03 5.800086967e-06
995	1676	1	 3.509746185e-03 1.318812968e-05
997	1676	1	 3.277227892e-03 1.149860281e-05
997	1682	1	 1.824495991e-03 3.563835212e-06
998	1671	1	 2.909117804e-03 9.060546723e-06
998	1672	1	 8.841213513e-04 8.368652706e-07
998	1675	1	 2.949957935e-03 9.316728374e-06
998	1676	1	 7.780761799e-04 6.481507497e-07
998	1677	1	 9.385161281e-04 9.430077635e-07
998	1682	1	 2.679430580e-04 7.686290724e-08
998	1683	1	 1.440569059e-03 2.221774371e-06
998	1684	1	 3.864844241e-03 1.599174218e-05
998	1685	1	 2.564408069e-03 7.040541412e-06
998	1686	1	 1.204711866e-03 1.553810901e-06
998	1687	1	 3.828232481e-03 1.569019695e-05
999	1676	1	 3.212518917e-03 1.104900513e-05
1000	1675	1	 1.867863884e-03 3.735272044e-06
1000	1676	1	 7.805467520e-04 6.522733419e-07
1000	1679	1	 1.153861049e-03 1.425406760e-06
1001	1669	1	 3.735460642e-03 1.493895151e-05
1001	1671	1	 2.275669863e-03 5.544345733e-06
1001	1672	1	 2.342597845e-03 5.875262383e-06
1001	1675	1	 1.900203439e-03 3.865734178e-06
1001	1676	1	 1.700648102e-03 3.096425997e-06
1003	1682	1	 3.887212489e-03 1.617738609e-05
1003	1685	1	 2.305981635e-03 5.693030052e-06
1003	1686	1	 2.298596811e-03 5.656624985e-06
1004	1685	1	 1.586945240e-03 2.696222135e-06
1007	1686	1	 2.537450454e-03 6.893296032e-06
1008	1686	1	 2.193965903e-03 5.153372497e-06
1008	1687	1	 3.090756063e-03 1.022730593e-05
1010	1672	1	 3.119847753e-03 1.042074071e-05
1010	1686	1	 3.145024663e-03 1.058960836e-05
1010	1687	1	 2.186871355e-03 5.120097835e-06
1010	1688	1	 2.652928141e-03 7.534991400e-06
1010	1689	1	 3.507675417e-03 1.317257215e-05
1011	1689	1	 2.626437089e-03 7.385260063e-06
1012	1687	1	 2.555174436e-03 6.989931107e-06
1012	1689	1	 2.156352420e-03 4.978187714e-06
1012	1691	1	 3.095172352e-03 1.025655380e-05
1013	1689	1	 2.847917481e-03 8.683335684e-06
1013	1691	1	 2.138353846e-03 4.895430981e-06
1013	1692	1	 2.643959265e-03 7.484129736e-06
1014	1684	1	 1.971866615e-03 4.162812558e-06
1014	1685	1	 6.472020529e-04 4.484474513e-07
1014	1686	1	 3.602413839e-03 1.389373440e-05
1015	1685	1	 1.551959393e-03 2.578650571e-06
1016	1700	1	 1.658891180e-03 2.946236354e-06
1017	1685	1	 3.435127190e-03 1.263331811e-05
1017	1694	1	 3.431144394e-03 1.260404015e-05
1017	1695	1	 1.143588981e-03 1.400140802e-06
1017	1696	1	 9.515195103e-04 9.693200210e-07
1017	1700	1	 2.259966648e-04 5.468092436e-08
1018	1684	1	 2.584023137e-03 7.148659039e-06
1018	1685	1	 5.655316592e-04 3.424093636e-07
1018	1695	1	 1.817726446e-03 3.537438022e-06
1018	1699	1	 2.207178506e-03 5.215629152e-06
1019	1685	1	 3.150653872e-03 1.062755049e-05
1446	1696	1	 1.090095870e-03 1.272216945e-06
1446	1697	1	 4.517917426e-04 2.185286414e-07
1446	1700	1	 6.676886890e-04 4.772872423e-07
1447	1697	1	 2.907214758e-03 9.048696397e-06
1447	1700	1	 1.791542117e-03 3.436258543e-06
1451	1696	1	 2.198578966e-03 5.175066385e-06
1451	1697	1	 1.622300638e-03 2.817698141e-06
1451	1700	1	 1.761659384e-03 3.322581716e-06
1452	1695	1	 2.901470353e-03 9.012972840e-06
1452	1696	1	 6.723505850e-04 4.839754830e-07
1452	1697	1	 9.929856816e-04 1.055644672e-06
1452	1700	1	 3.624041505e-04 1.406106169e-07
1453	1697	1	 2.566647954e-03 7.052845917e-06
1454	1695	1	 1.157830119e-03 1.435229900e-06
1454	1696	1	 5.418037323e-04 3.142792967e-07
1454	1697	1	 1.081831814e-03 1.253000619e-06
1454	1698	1	 1.842571812e-03 3.634800957e-06
1454	1699	1	 1.285955147e-03 1.770449035e-06
1454	1700	1	 5.258602812e-04 2.960550861e-07
1455	1697	1	 2.724163557e-03 7.945077636e-06
1455	1699	1	 3.082610957e-03 1.017347268e-05
1456	1695	1	 2.275647715e-03 5.544237813e-06
1456	1696	1	 1.607431781e-03 2.766284790e-06
1456	1697	1	 1.837815847e-03 3.616061199e-06
1456	1698	1	 1.590385506e-03 2.707924839e-06
1456	1699	1	 7.212718916e-04 5.569674349e-07
1456	1700	1	 2.701352720e-03 7.812578186e-06
1457	1695	1	 2.636585506e-03 7.442442849e-06
1457	1696	1	 3.735616983e-03 1.494020202e-05
1457	1698	1	 1.183050755e-03 1.498437185e-06
1457	1699	1	 2.020691116e-04 4.371511770e-08
1535	1689	1	 1.242445160e-03 1.652670385e-06
1535	1691	1	 8.420107693e-04 7.590442244e-07
1536	1689	1	 7.826245752e-04 6.557506803e-07
1536	1691	1	 1.043458933e-03 1.165688497e-06
1537	1689	1	 2.029978391e-03 4.411787823e-06
1537	1691	1	 2.109233680e-03 4.763006593e-06
1538	1686	1	 3.694890198e-03 1.461621294e-05
1538	1687	1	 3.109206506e-03 1.034977535e-05
1538	1689	1	 7.234742614e-04 5.603739756e-07
1538	1691	1	 2.088028536e-03 4.667718396e-06
1540	1689	1	 1.813891826e-03 3.522528820e-06
1540	1700	1	 3.602050664e-03 1.389093317e-05
1541	1689	1	 3.797851264e-03 1.544214736e-05
1541	1700	1	 2.900405599e-03 9.006359067e-06
1542	1696	1	 3.778226060e-03 1.528296668e-05
1542	1700	1	 8.047810679e-04 6.934055130e-07
1545	1693	1	 3.520683203e-03 1.327045105e-05
1546	1692	1	 3.171504170e-03 1.076867726e-05
1546	1693	1	 7.337136989e-04 5.763483354e-07
1555	1673	1	 2.530708389e-03 6.856713400e-06
1555	1690	1	 1.565554037e-03 2.624024662e-06
1555	1692	1	 1.417045350e-03 2.149806079e-06
1555	1693	1	 8.872031874e-04 8.427096644e-07
1556	1673	1	 3.297591097e-03 1.164194093e-05
1556	1674	1	 2.582673428e-03 7.141193095e-06
1557	1671	1	 3.840296052e-03 1.578923903e-05
1557	1672	1	 1.049663406e-03 1.179592226e-06
1557	1673	1	 6.600255320e-04 4.663943272e-07
1557	1674	1	 2.386105603e-03 6.095524889e-06
1557	1688	1	 1.685106787e-03 3.040091418e-06
1557	1690	1	 6.888273301e-04 5.079869173e-07
1557	1692	1	 1.336929941e-03 1.913590856e-06
1557	1693	1	 1.894655515e-03 3.843193970e-06
1565	1660	1	 3.640937212e-03 1.419247595e-05
1566	1660	1	 3.171282603e-03 1.076717267e-05
1567	1657	1	 3.065348857e-03 1.005985225e-05
1567	1658	1	 1.808608987e-03 3.502040438e-06
1567	1659	1	 1.137068267e-03 1.384219193e-06
1567	1660	1	 6.722130461e-04 4.837774950e-07
1580	1647	1	 1.103311377e-03 1.303250742e-06
1581	1647	1	 3.780147236e-03 1.529851299e-05
1581	1660	1	 2.664036894e-03 7.598226891e-06
1582	1645	1	 2.676060338e-03 7.666966939e-06
1582	1646	1	 1.819563737e-03 3.544592659e-06
1582	1647	1	 2.254555091e-03 5.441936773e-06
1582	1660	1	 3.124957318e-03 1.045490203e-05
1583	1657	1	 1.161370271e-03 1.444019962e-06
1583	1658	1	 2.319364473e-03 5.759301159e-06
1583	1660	1	 6.394189358e-04 4.377264343e-07
1591	1634	1	 1.430239051e-03 2.190024893e-06
1592	1634	1	 1.809912573e-03 3.507090570e-06
1594	1632	1	 2.423895128e-03 6.290127363e-06
1594	1634	1	 8.366385163e-04 7.493893147e-07
1594	1647	1	 1.918829350e-03 3.941889929e-06
1595	1647	1	 1.019820045e-03 1.113470910e-06
1596	1647	1	 1.152154504e-03 1.421193563e-06
1597	1632	1	 3.113878085e-03 1.038089977e-05
1597	1633	1	 3.774174639e-03 1.525020816e-05
1597	1634	1	 8.342152756e-04 7.450545373e-07
1598	1634	1	 3.214010020e-03 1.105926439e-05
1599	1632	1	 2.600449996e-03 7.239837228e-06
1599	1633	1	 9.223095488e-04 9.107206787e-07
1599	1634	1	 1.902965016e-03 3.876978532e-06
1600	1632	1	 7.093195139e-04 5.386610872e-07
1600	1633	1	 1.642054658e-04 2.886735584e-08
1600	1634	1	 4.446791350e-04 2.117021614e-07
1609	1633	1	 2.157665784e-03 4.984253668e-06
1610	1633	1	 1.626721704e-03 2.833076555e-06
1613	1633	1	 8.941115860e-04 8.558846408e-07
1614	1628	1	 3.364269754e-03 1.211751065e-05
1614	1632	1	 2.259036669e-03 5.463593113e-06
1614	1633	1	 2.428774338e-04 6.315476433e-08
1616	2293	1	 3.157223923e-03 1.067191991e-05
1616	2294	1	 6.294433301e-04 4.241749912e-07
1616	2297	1	 1.469027797e-03 2.310424680e-06
1616	2300	1	 3.382322424e-03 1.224790467e-05
1616	2302	1	 1.324011184e-03 1.876787468e-06
1616	2308	1	 3.007030825e-03 9.680717521e-06
1617	2294	1	 1.759132285e-03 3.313056073e-06
1618	2293	1	 2.329061081e-03 5.807557845e-06
1618	2294	1	 9.308061846e-04 9.275777193e-07
1618	2308	1	 1.418743886e-03 2.154962880e-06
1618	2309	1	 3.363251329e-03 1.211017538e-05
1618	2311	1	 1.594383722e-03 2.721557357e-06
1618	2312	1	 2.514471422e-03 6.769010625e-06
1618	2313	1	 1.791436372e-03 3.435852907e-06
1619	2293	1	 1.065359289e-03 1.215133465e-06
1619	2294	1	 2.560054715e-04 7.016657570e-08
1619	2297	1	 1.970041185e-03 4.155108787e-06
1619	2298	1	 1.233795711e-03 1.629739907e-06
1619	2308	1	 2.408444889e-04 6.210194666e-08
1619	2309	1	 6.736894426e-04 4.859048913e-07
1619	2310	1	 1.522727045e-03 2.482423708e-06
1619	2311	1	 7.844453214e-04 6.588053874e-07
1619	2312	1	 3.887290978e-04 1.617803939e-07
1619	2313	1	 1.998907498e-04 4.277767549e-08
1620	2302	1	 2.775963921e-03 8.250103985e-06
1621	2302	1	 1.540711629e-03 2.541408681e-06
1621	2304	1	 2.568935420e-03 7.065422893e-06
1623	2301	1	 1.910822409e-03 3.909060928e-06
1623	2302	1	 5.546348444e-04 3.293412187e-07
1623	2304	1	 6.850350251e-04 5.024089204e-07
1623	2306	1	 2.497859251e-03 6.679865437e-06
1625	1869	1	 3.723343198e-03 1.484218791e-05
1625	2302	1	 1.170540429e-03 1.466913902e-06
1625	2304	1	 5.460478556e-04 3.192222832e-07
1625	2306	1	 1.512843763e-03 2.450303869e-06
1625	2307	1	 2.480114174e-03 6.585293508e-06
1626	1869	1	 2.587550811e-03 7.168190874e-06
1626	2304	1	 1.876237609e-03 3.768837931e-06
1627	1868	1	 3.353165457e-03 1.203765119e-05
1627	1869	1	 4.169100856e-04 1.860872383e-07
1628	2311	1	 1.745326536e-03 3.261258104e-06
1629	2310	1	 3.137510199e-03 1.053906493e-05
1629	2311	1	 9.090755239e-04 8.847727075e-07
1629	2312	1	 2.468412983e-03 6.523301201e-06
1630	2311	1	 1.200128656e-03 1.542010742e-06
1633	2293	1	 7.761343809e-04 6.449196831e-07
1633	2294	1	 1.937356646e-03 4.018379424e-06
1634	2271	1	 2.896686453e-03 8.983276437e-06
1634	2272	1	 1.227174086e-03 1.612293633e-06
1634	2273	1	 7.194693731e-04 5.541870975e-07
1634	2274	1	 9.914868611e-04 1.052460280e-06
1634	2275	1	 1.346042161e-03 1.939764978e-06
1634	2277	1	 2.725013080e-03 7.950033709e-06
1634	2312	1	 2.756744072e-03 8.136257530e-06
1635	2275	1	 3.657947258e-03 1.432539700e-05
1635	2310	1	 2.442939864e-03 6.389359735e-06
1635	2311	1	 5.899856550e-04 3.726616412e-07
1635	2316	1	 3.621100999e-03 1.403825297e-05
1636	2311	1	 2.576591994e-03 7.107601886e-06
1637	2275	1	 2.087398921e-03 4.664903854e-06
1637	2323	1	 1.440462776e-03 2.221446546e-06
1637	2324	1	 3.745639761e-03 1.502047964e-05
1637	2326	1	 1.422754124e-03 2.167162585e-06
1637	2327	1	 3.367833509e-03 1.214319629e-05
1638	2274	1	 1.735726120e-03 3.225478754e-06
1638	2275	1	 6.191113460e-04 4.103640562e-07
1638	2276	1	 3.478336772e-03 1.295313953e-05
1638	2316	1	 1.555369862e-03 2.589996317e-06
1638	2317	1	 1.109634902e-03 1.318232470e-06
1638	2323	1	 2.127908328e-04 4.847720991e-08
1638	2324	1	 7.340305172e-04 5.768461783e-07
1638	2325	1	 1.403978274e-03 2.110340641e-06
1638	2326	1	 6.094585586e-04 3.976675450e-07
1638	2327	1	 5.733730362e-04 3.519705438e-07
1639	2311	1	 1.963495536e-03 4.127543170e-06
1639	2316	1	 2.818119212e-03 8.502575737e-06
1639	2320	1	 2.781773534e-03 8.284672202e-06
1640	2311	1	 3.623809746e-03 1.405926332e-05
1641	2323	1	 3.684823819e-03 1.453668045e-05
1641	2326	1	 2.681527594e-03 7.698326539e-06
1642	2320	1	 2.540087972e-03 6.907633763e-06
1643	2326	1	 1.367388355e-03 2.001776293e-06
1644	2262	1	 3.124824487e-03 1.045401325e-05
1644	2325	1	 2.696135372e-03 7.782429160e-06
1644	2326	1	 4.697313845e-04 2.362277665e-07
1644	2327	1	 3.078773070e-03 1.014815627e-05
1645	2262	1	 3.697623928e-03 1.463784907e-05
1645	2326	1	 8.318780371e-04 7.408855158e-07
1647	2262	1	 2.644641578e-03 7.487993014e-06
1647	2275	1	 2.543968514e-03 6.928755740e-06
1647	2276	1	 3.714298011e-03 1.477016270e-05
1647	2326	1	 3.016112579e-03 9.739280711e-06
1648	2262	1	 1.925221014e-03 3.968194715e-06
1648	2325	1	 2.065727832e-03 4.568545869e-06
1648	2326	1	 2.731671060e-04 7.988929547e-08
1648	2329	1	 3.191567250e-03 1.090535450e-05
1649	2326	1	 1.920108419e-03 3.947146915e-06
1650	2262	1	 3.043076481e-03 9.914196509e-06
1650	2326	1	 3.130878867e-03 1.049456201e-05
1650	2329	1	 2.666878228e-03 7.614443340e-06
1650	2333	1	 2.008357111e-03 4.318308494e-06
1650	2336	1	 3.749983658e-03 1.505533896e-05
1651	2262	1	 1.534303009e-03 2.520310571e-06
1651	2325	1	 3.179388833e-03 1.082228775e-05
1651	2326	1	 1.352347314e-03 1.957980100e-06
1651	2328	1	 2.417505919e-03 6.257010446e-06
1651	2329	1	 4.560775655e-04 2.226943544e-07
1651	2330	1	 8.163671195e-04 7.135144892e-07
1651	2332	1	 1.705428265e-03 3.113857262e-06
1651	2333	1	 2.557510546e-04 7.002718266e-08
1651	2334	1	 1.831788585e-03 3.592381776e-06
1651	2335	1	 3.282916035e-03 1.153855270e-05
1651	2336	1	 1.549332279e-03 2.569927823e-06
1651	2337	1	 2.918714420e-03 9.120423298e-06
1651	2338	1	 2.901792813e-03 9.014976297e-06
1652	2326	1	 3.249304914e-03 1.130349437e-05
1653	2336	1	 3.126778537e-03 1.046709178e-05
1654	2333	1	 3.212043098e-03 1.104573235e-05
1654	2335	1	 3.306482903e-03 1.170480952e-05
1654	2336	1	 7.105935565e-04 5.405978547e-07
1654	2338	1	 1.153044165e-03 1.423389220e-06
1654	2340	1	 1.592646753e-03 2.715630695e-06
1655	2336	1	 8.574777985e-04 7.871863528e-07
1655	2338	1	 3.697372923e-03 1.463586182e-05
1657	2336	1	 3.030564403e-03 9.832836621e-06
1657	2338	1	 8.352783891e-04 7.469547239e-07
1657	2339	1	 3.080083546e-03 1.015679721e-05
1657	2340	1	 4.407923722e-04 2.080175269e-07
1658	2340	1	 2.709101342e-03 7.857462021e-06
1659	2340	1	 3.356824164e-03 1.206393457e-05
1661	2335	1	 1.692192192e-03 3.065710642e-06
1661	2336	1	 1.970487118e-04 4.156990075e-08
1661	2338	1	 2.539932849e-03 6.906790096e-06
1661	2339	1	 3.403981930e-03 1.240527167e-05
1662	2336	1	 1.192148990e-03 1.521573226e-06
1663	2336	1	 1.838570271e-03 3.619030595e-06
1663	2342	1	 2.396429015e-03 6.148383185e-06
1663	2349	1	 2.145768265e-03 4.929438169e-06
1664	2335	1	 2.119373307e-03 4.808910653e-06
1664	2336	1	 8.094467969e-04 7.014688747e-07
1664	2339	1	 2.927170784e-03 9.173348890e-06
1664	2341	1	 1.754138829e-03 3.294273950e-06
1664	2342	1	 3.598587313e-04 1.386423390e-07
1664	2343	1	 7.788914392e-04 6.495097112e-07
1664	2345	1	 1.639609402e-03 2.878144457e-06
1664	2349	1	 2.778244803e-04 8.263667014e-08
1664	2350	1	 2.149978142e-03 4.948799706e-06
1664	2351	1	 3.395510239e-03 1.234360104e-05
1665	2336	1	 1.822298033e-03 3.555253730e-06
1666	2335	1	 2.769368242e-03 8.210946130e-06
1666	2336	1	 5.505875086e-04 3.245521542e-07
1666	2342	1	 2.662955928e-03 7.592061992e-06
1666	2345	1	 2.022888042e-03 4.381022485e-06
1666	2348	1	 1.844815447e-03 3.643658286e-06
1667	2336	1	 1.926883135e-03 3.975049481e-06
1667	2342	1	 2.364315366e-03 5.984702927e-06
1667	2345	1	 7.407417514e-04 5.874425979e-07
1667	2346	1	 1.757914224e-03 3.308469599e-06
1667	2348	1	 6.345648333e-04 4.311057234e-07
1668	2336	1	 2.003141581e-03 4.295909067e-06
1670	2349	1	 2.874032257e-03 8.843314372e-06
1670	2351	1	 3.144100435e-03 1.058338534e-05
1670	2352	1	 1.743612741e-03 3.254856571e-06
1671	2352	1	 2.130024297e-03 4.857366830e-06
1673	2237	1	 2.162132878e-03 5.004913194e-06
1673	2352	1	 3.258823904e-03 1.136981961e-05
1674	2236	1	 1.834463259e-03 3.602880217e-06
1674	2237	1	 2.262130096e-03 5.478566573e-06
1674	2339	1	 2.495064791e-03 6.664927706e-06
1674	2353	1	 2.825306487e-03 8.546000639e-06
1675	2352	1	 2.321811910e-03 5.771462219e-06
1675	2356	1	 3.514224256e-03 1.322180451e-05
1677	2356	1	 3.279680643e-03 1.151582088e-05
1677	2362	1	 1.825061833e-03 3.566046103e-06
1678	2351	1	 2.906337256e-03 9.043234777e-06
1678	2352	1	 8.815657104e-04 8.320341781e-07
1678	2355	1	 2.950499916e-03 9.320152122e-06
1678	2356	1	 7.797050989e-04 6.508674252e-07
1678	2357	1	 9.395417142e-04 9.450698785e-07
1678	2362	1	 2.683003723e-04 7.706804427e-08
1678	2363	1	 1.440150489e-03 2.220483449e-06
1678	2364	1	 3.866876091e-03 1.600856116e-05
1678	2365	1	 2.570563355e-03 7.074380451e-06
1678	2366	1	 1.202794945e-03 1.548870028e-06
1678	2367	1	 3.816195336e-03 1.559168243e-05
1679	2356	1	 3.206312639e-03 1.100635513e-05
1680	2355	1	 1.861808758e-03 3.711093748e-06
1680	2356	1	 7.786292099e-04 6.490724440e-07
1680	2359	1	 1.154664742e-03 1.427393113e-06
1681	2349	1	 3.724251320e-03 1.484942880e-05
1681	2351	1	 2.270069789e-03 5.517091743e-06
1681	2352	1	 2.335676645e-03 5.840596770e-06
1681	2355	1	 1.898619865e-03 3.859293685e-06
1681	2356	1	 1.700803637e-03 3.096992401e-06
1683	2362	1	 3.889404715e-03 1.619563798e-05
1683	2365	1	 2.311789122e-03 5.721741320e-06
1683	2366	1	 2.295175780e-03 5.639799858e-06
1684	2365	1	 1.589813474e-03 2.705977210e-06
1687	2366	1	 2.542807969e-03 6.922435461e-06
1688	2366	1	 2.197997750e-03 5.172330587e-06
1688	2367	1	 3.090612843e-03 1.022635813e-05
1689	2215	1	 3.171429811e-03 1.076817230e-05
1689	2216	1	 3.497214207e-03 1.309411816e-05
1689	2218	1	 9.244016165e-04 9.148569260e-07
1689	2220	1	 3.224605447e-03 1.113230135e-05
1690	2235	1	 3.768273153e-03 1.520255349e-05
1690	2237	1	 7.497205497e-04 6.017701172e-07
1690	2352	1	 3.129799040e-03 1.048732420e-05
1690	2366	1	 3.154539236e-03 1.065377829e-05
1690	2367	1	 2.189407568e-03 5.131980739e-06
1690	2368	1	 2.656593690e-03 7.555827965e-06
1690	2369	1	 3.505087701e-03 1.315314372e-05
1691	2212	1	 3.741409727e-03 1.498657287e-05
1691	2215	1	 6.602734674e-04 4.667447905e-07
1691	2216	1	 1.485459124e-03 2.362398723e-06
1691	2218	1	 6.953429331e-04 5.176424429e-07
1691	2369	1	 2.630704896e-03 7.409280794e-06
1692	2215	1	 1.469866842e-03 2.313064662e-06
1692	2218	1	 3.037151486e-03 9.875627399e-06
1692	2235	1	 3.094122498e-03 1.024959712e-05
1692	2237	1	 1.202704127e-03 1.548636141e-06
1692	2367	1	 2.563825957e-03 7.037345412e-06
1692	2369	1	 2.160275054e-03 4.996315894e-06
1692	2371	1	 3.095528289e-03 1.025891289e-05
1693	2212	1	 3.594318200e-03 1.383135830e-05
1693	2213	1	 2.005386752e-03 4.305544389e-06
1693	2214	1	 3.099690325e-03 1.028651831e-05
1693	2215	1	 9.436696685e-04 9.533926072e-07
1693	2223	1	 1.863936837e-03 3.719582284e-06
1693	2224	1	 3.065399937e-03 1.006018752e-05
1693	2225	1	 2.150539616e-03 4.951384835e-06
1693	2226	1	 3.295013458e-03 1.162374766e-05
1693	2230	1	 2.477462517e-03 6.571219476e-06
1693	2234	1	 1.623349131e-03 2.821341476e-06
1693	2235	1	 5.976001901e-04 3.823430864e-07
1693	2237	1	 4.193063060e-04 1.882324849e-07
1693	2369	1	 2.857487370e-03 8.741791152e-06
1693	2371	1	 2.142210922e-03 4.913107266e-06
1693	2372	1	 2.649505283e-03 7.515560362e-06
1694	2364	1	 1.973111290e-03 4.168069490e-06
1694	2365	1	 6.492019756e-04 4.512232333e-07
1694	2366	1	 3.590518338e-03 1.380212912e-05
1695	2365	1	 1.551498615e-03 2.577119591e-06
1696	2134	1	 2.568957686e-03 7.065545371e-06
1696	2380	1	 1.657497188e-03 2.941286897e-06
1697	2132	1	 7.115696606e-04 5.420840551e-07
1697	2134	1	 4.215600055e-04 1.902613573e-07
1697	2136	1	 3.206708933e-03 1.100907603e-05
1697	2365	1	 3.440838461e-03 1.267536154e-05
1697	2374	1	 3.431340310e-03 1.260547955e-05
1697	2375	1	 1.144651484e-03 1.402743738e-06
1697	2376	1	 9.512135357e-04 9.686967240e-07
1697	2380	1	 2.254672730e-04 5.442504691e-08
1698	2134	1	 2.751008216e-03 8.102435127e-06
1698	2364	1	 2.577789050e-03 7.114207645e-06
1698	2365	1	 5.638700808e-04 3.404002657e-07
1698	2375	1	 1.815169202e-03 3.527491826e-06
1698	2379	1	 2.210306566e-03 5.230423030e-06
1699	1797	1	 9.676840228e-04 1.002533581e-06
1699	2365	1	 3.140556576e-03 1.055954075e-05
