1057	1830	1	 1.147248252e-03 1.409115516e-06
1073	1830	1	 2.626113657e-03 7.383441260e-06
1106	1787	1	 1.388814172e-03 2.065000051e-06
1106	1790	1	 2.280593103e-03 5.568361229e-06
1106	1791	1	 2.204498084e-03 5.202969010e-06
1106	1792	1	 5.287690824e-04 2.993394077e-07
1106	1794	1	 2.001730512e-03 4.289858883e-06
1106	1798	1	 3.852553108e-03 1.589018876e-05
1107	1792	1	 2.785954484e-03 8.309594309e-06
1108	1798	1	 1.452658379e-03 2.259221303e-06
1108	1801	1	 1.508857566e-03 2.437408255e-06
1108	1803	1	 3.877245932e-03 1.609453693e-05
1109	1787	1	 1.163611374e-03 1.449598408e-06
1109	1788	1	 9.686195455e-04 1.004472946e-06
1109	1790	1	 2.606213157e-03 7.271962885e-06
1109	1798	1	 1.811402131e-04 3.512865615e-08
1109	1799	1	 8.142520902e-04 7.098221573e-07
1109	1800	1	 1.452867370e-03 2.259871410e-06
1109	1801	1	 5.842614380e-04 3.654653725e-07
1109	1802	1	 8.926203616e-04 8.530320847e-07
1109	1803	1	 6.522430127e-04 4.554604368e-07
1110	1792	1	 2.119360250e-03 4.808851399e-06
1111	1792	1	 1.547060856e-03 2.562397980e-06
1111	1794	1	 1.974917365e-03 4.175703415e-06
1113	1791	1	 2.546460801e-03 6.942338381e-06
1113	1792	1	 9.044675925e-04 8.758259498e-07
1113	1794	1	 7.545615615e-04 6.095665730e-07
1113	1796	1	 1.936538910e-03 4.014987916e-06
1115	1792	1	 2.268507853e-03 5.509502213e-06
1115	1794	1	 8.863642424e-04 8.411166747e-07
1115	1796	1	 1.525986587e-03 2.493062810e-06
1115	1797	1	 1.912980854e-03 3.917897181e-06
1116	1794	1	 2.459536914e-03 6.476471787e-06
1118	1801	1	 1.539477139e-03 2.537337720e-06
1119	1800	1	 2.587813158e-03 7.169644485e-06
1119	1801	1	 5.309627069e-04 3.018282079e-07
1119	1802	1	 3.453424256e-03 1.276825824e-05
1120	1801	1	 9.442815799e-04 9.546294403e-07
1122	1801	1	 3.270240031e-03 1.144961935e-05
1124	1801	1	 2.961526283e-03 9.389943310e-06
1124	1802	1	 2.037678185e-03 4.445319490e-06
1125	1800	1	 2.318393156e-03 5.754478340e-06
1125	1801	1	 4.177336480e-04 1.868231563e-07
1125	1806	1	 3.083668562e-03 1.018045466e-05
1126	1801	1	 2.459445310e-03 6.475989368e-06
1127	1806	1	 3.732537471e-03 1.491557981e-05
1127	1813	1	 1.521214001e-03 2.477492883e-06
1127	1816	1	 1.558310368e-03 2.599798614e-06
1128	1801	1	 3.014841685e-03 9.731074798e-06
1128	1805	1	 3.840197877e-03 1.578843175e-05
1128	1806	1	 9.192525148e-04 9.046934396e-07
1128	1807	1	 9.025461395e-04 8.721086892e-07
1128	1809	1	 3.865179011e-03 1.599451269e-05
1128	1811	1	 3.830041799e-03 1.570503162e-05
1128	1813	1	 1.747309431e-04 3.268672655e-08
1128	1814	1	 9.131852357e-04 8.927904792e-07
1128	1815	1	 1.375469775e-03 2.025507665e-06
1128	1816	1	 5.646402764e-04 3.413308129e-07
1128	1817	1	 1.274484224e-03 1.739004541e-06
1129	1801	1	 2.852983705e-03 8.714257124e-06
1129	1810	1	 2.054008560e-03 4.516856424e-06
1132	1810	1	 3.615772544e-03 1.399696875e-05
1133	1816	1	 1.391963620e-03 2.074376375e-06
1134	1815	1	 2.251955606e-03 5.429394984e-06
1134	1816	1	 3.186918218e-04 1.087360682e-07
1135	1816	1	 7.830846387e-04 6.565218690e-07
1137	1816	1	 1.608431042e-03 2.769725186e-06
1138	1815	1	 2.304425196e-03 5.685347538e-06
1138	1816	1	 3.162395211e-04 1.070690810e-07
1138	1819	1	 2.709550526e-03 7.860067857e-06
1139	1816	1	 2.461654635e-03 6.487629387e-06
1140	1816	1	 3.478199984e-03 1.295212077e-05
1140	1819	1	 2.355547382e-03 5.940397092e-06
1140	1822	1	 3.746411702e-03 1.502667143e-05
1140	1823	1	 2.179578083e-03 5.086003467e-06
1140	1826	1	 3.436562366e-03 1.264387656e-05
1141	1815	1	 3.579913128e-03 1.372071564e-05
1141	1816	1	 1.516212677e-03 2.461229063e-06
1141	1818	1	 2.463534536e-03 6.497542034e-06
1141	1819	1	 3.500610380e-04 1.311956212e-07
1141	1820	1	 7.911786000e-04 6.701636247e-07
1141	1822	1	 8.398102208e-04 7.550819687e-07
1141	1823	1	 2.877676190e-04 8.865753141e-08
1141	1824	1	 2.185852714e-03 5.115329079e-06
1141	1825	1	 3.122223336e-03 1.043661633e-05
1141	1826	1	 1.347132349e-03 1.942908363e-06
1143	1826	1	 2.655199634e-03 7.547900159e-06
1144	1823	1	 2.929523304e-03 9.188099764e-06
1144	1825	1	 2.707880699e-03 7.850382927e-06
1144	1826	1	 4.580074238e-04 2.245829710e-07
1144	1828	1	 2.119091437e-03 4.807631597e-06
1144	1830	1	 3.642823138e-03 1.420718254e-05
1145	1826	1	 8.047963730e-04 6.934318872e-07
1147	1826	1	 1.500900700e-03 2.411768997e-06
1147	1828	1	 9.971835830e-04 1.064589130e-06
1147	1829	1	 3.716062877e-03 1.478420226e-05
1147	1830	1	 8.724290527e-04 8.148769378e-07
1148	1830	1	 3.630524845e-03 1.411141662e-05
1151	1825	1	 1.963590429e-03 4.127942136e-06
1151	1826	1	 2.354465255e-04 5.934940366e-08
1151	1832	1	 3.348244433e-03 1.200234479e-05
1152	1826	1	 1.702527102e-03 3.103272091e-06
1153	1826	1	 2.245343509e-03 5.397558668e-06
1153	1832	1	 2.168154084e-03 5.032827830e-06
1153	1839	1	 2.514407724e-03 6.768667679e-06
1154	1825	1	 2.762883841e-03 8.172539731e-06
1154	1826	1	 1.079221859e-03 1.246962100e-06
1154	1831	1	 2.044559683e-03 4.475395008e-06
1154	1832	1	 3.120862587e-04 1.042752120e-07
1154	1833	1	 8.347553862e-04 7.460196172e-07
1154	1835	1	 8.699044886e-04 8.101677123e-07
1154	1839	1	 3.952592294e-04 1.672614383e-07
1154	1840	1	 2.908561458e-03 9.057081536e-06
1154	1841	1	 3.740265505e-03 1.497740769e-05
1155	1826	1	 3.671174164e-03 1.442918376e-05
1156	1826	1	 1.656399500e-03 2.937392417e-06
1156	1835	1	 2.312526987e-03 5.725394374e-06
1156	1838	1	 1.733134220e-03 3.215852956e-06
1157	1835	1	 1.442757029e-03 2.228528464e-06
1157	1836	1	 2.629386423e-03 7.401855799e-06
1157	1838	1	 1.005888448e-03 1.083256811e-06
1160	1839	1	 2.610282967e-03 7.294692120e-06
1160	1841	1	 2.682790636e-03 7.705580315e-06
1160	1842	1	 1.799168093e-03 3.465574735e-06
1161	1842	1	 2.678149300e-03 7.678941448e-06
1163	1842	1	 2.216361050e-03 5.259116683e-06
1164	1829	1	 2.974865878e-03 9.474724014e-06
1164	1839	1	 2.281095215e-03 5.570813440e-06
1164	1842	1	 3.591517180e-03 1.380980939e-05
1164	1843	1	 2.417362118e-03 6.256266090e-06
1165	1846	1	 2.966580712e-03 9.422022246e-06
1167	1846	1	 2.943941236e-03 9.278762559e-06
1167	1852	1	 1.938254576e-03 4.022105181e-06
1168	1842	1	 1.773065202e-03 3.365744932e-06
1168	1845	1	 2.930415000e-03 9.193694007e-06
1168	1846	1	 5.551272553e-04 3.299262637e-07
1168	1847	1	 8.572305593e-04 7.867324745e-07
1168	1849	1	 2.424739414e-03 6.294510055e-06
1168	1852	1	 2.429750299e-04 6.320552985e-08
1168	1853	1	 1.621927892e-03 2.816403480e-06
1168	1854	1	 3.272308104e-03 1.146410522e-05
1168	1855	1	 1.639189031e-03 2.876668821e-06
1168	1856	1	 2.090306243e-03 4.677907428e-06
1170	1845	1	 3.490924336e-03 1.304705999e-05
1170	1846	1	 1.367511085e-03 2.002135649e-06
1170	1849	1	 1.160726702e-03 1.442420009e-06
1171	1845	1	 2.538540065e-03 6.899217432e-06
1171	1846	1	 1.829340363e-03 3.582785612e-06
1171	1849	1	 2.899892963e-03 9.003175665e-06
1173	1852	1	 3.561696472e-03 1.358143314e-05
1173	1855	1	 1.344766529e-03 1.936090125e-06
1173	1856	1	 3.453224310e-03 1.276677977e-05
1174	1855	1	 1.279535059e-03 1.752815350e-06
1177	1856	1	 1.849370952e-03 3.661675478e-06
1178	1842	1	 3.890550941e-03 1.620518524e-05
1178	1852	1	 3.684502877e-03 1.453414831e-05
1178	1856	1	 1.561918123e-03 2.611850506e-06
1178	1857	1	 3.197806527e-03 1.094803449e-05
1179	1856	1	 2.204502815e-03 5.202991342e-06
1180	1842	1	 1.863495512e-03 3.717821120e-06
1180	1856	1	 1.647783183e-03 2.906912235e-06
1180	1857	1	 1.600382298e-03 2.742074597e-06
1180	1858	1	 1.986662207e-03 4.225516949e-06
1180	1859	1	 3.654764237e-03 1.430047690e-05
1181	1856	1	 2.316280193e-03 5.743993963e-06
1181	1857	1	 2.309278790e-03 5.709321788e-06
1181	1859	1	 1.975419716e-03 4.177827997e-06
1182	1856	1	 2.012832803e-03 4.337576935e-06
1182	1857	1	 1.311736727e-03 1.842150655e-06
1182	1858	1	 2.349403128e-03 5.909447424e-06
1182	1859	1	 1.594863755e-03 2.723196401e-06
1182	1861	1	 3.234088377e-03 1.119787345e-05
1183	1857	1	 1.874893516e-03 3.763440048e-06
1183	1858	1	 2.292047437e-03 5.624436152e-06
1183	1859	1	 1.521254640e-03 2.477625255e-06
1183	1860	1	 2.382922559e-03 6.079272980e-06
1183	1861	1	 1.584472689e-03 2.687826947e-06
1183	1862	1	 1.986957591e-03 4.226773572e-06
1184	1854	1	 2.063997349e-03 4.560894831e-06
1184	1855	1	 4.769545071e-04 2.435486362e-07
1185	1855	1	 1.723232658e-03 3.179212967e-06
1186	1870	1	 2.225273851e-03 5.301499407e-06
1187	1855	1	 3.613969964e-03 1.398301635e-05
1187	1865	1	 1.159425121e-03 1.439186908e-06
1187	1866	1	 1.171391937e-03 1.469048887e-06
1187	1869	1	 3.396778675e-03 1.235282499e-05
1187	1870	1	 4.663086226e-04 2.327976973e-07
1188	1855	1	 1.079288471e-03 1.247116035e-06
1188	1865	1	 2.717701440e-03 7.907428554e-06
1188	1869	1	 1.691961498e-03 3.064874812e-06
1356	1792	1	 3.783019485e-03 1.532177019e-05
1356	1794	1	 2.209845698e-03 5.228242082e-06
1357	1792	1	 6.293110232e-04 4.239966897e-07
1357	1794	1	 3.291200726e-04 1.159686303e-07
1357	1796	1	 2.637475817e-03 7.447469964e-06
1358	1794	1	 2.644705231e-03 7.488353470e-06
1358	1797	1	 3.520487133e-03 1.326897300e-05
1457	1797	1	 1.032498094e-03 1.141327560e-06
1625	1869	1	 3.723343198e-03 1.484218791e-05
1626	1869	1	 2.587550811e-03 7.168190874e-06
1627	1868	1	 3.353165457e-03 1.203765119e-05
1627	1869	1	 4.169100856e-04 1.860872383e-07
1699	1797	1	 9.676840228e-04 1.002533581e-06
1705	1859	1	 1.282078384e-03 1.759790397e-06
1705	1861	1	 9.304640702e-04 9.268959890e-07
1706	1859	1	 8.439565484e-04 7.625563859e-07
1706	1861	1	 1.162196743e-03 1.446075924e-06
1707	1859	1	 2.264828121e-03 5.491642855e-06
1707	1861	1	 2.385089147e-03 6.090332736e-06
1708	1856	1	 3.587515287e-03 1.377905103e-05
1708	1857	1	 3.132064572e-03 1.050251237e-05
1708	1859	1	 7.521330691e-04 6.056492103e-07
1708	1861	1	 2.219546888e-03 5.274246648e-06
1710	1859	1	 1.926782220e-03 3.974633129e-06
1710	1870	1	 3.340518231e-03 1.194701696e-05
1711	1870	1	 3.055974378e-03 9.998416065e-06
1712	1870	1	 9.299803279e-04 9.259324649e-07
1715	1863	1	 3.841106062e-03 1.579590038e-05
1716	1862	1	 3.176800240e-03 1.080467235e-05
1716	1863	1	 7.987330933e-04 6.830227116e-07
1725	1843	1	 2.584340913e-03 7.150417391e-06
1725	1860	1	 1.504454166e-03 2.423202509e-06
1725	1862	1	 1.439564926e-03 2.218678124e-06
1725	1863	1	 9.901289697e-04 1.049579459e-06
1726	1843	1	 3.183555167e-03 1.085066981e-05
1726	1844	1	 2.665814840e-03 7.608372205e-06
1727	1841	1	 3.613502970e-03 1.397940284e-05
1727	1842	1	 9.349265570e-04 9.358080576e-07
1727	1843	1	 6.841619563e-04 5.011291084e-07
1727	1844	1	 2.580294179e-03 7.128041719e-06
1727	1858	1	 1.551034498e-03 2.575577975e-06
1727	1860	1	 6.758222245e-04 4.889863396e-07
1727	1862	1	 1.405271511e-03 2.114230197e-06
1727	1863	1	 2.117207696e-03 4.799088024e-06
1735	1830	1	 3.635061026e-03 1.414670184e-05
1736	1830	1	 3.130566050e-03 1.049246502e-05
1737	1827	1	 3.232555450e-03 1.118726059e-05
1737	1828	1	 1.823601240e-03 3.560340589e-06
1737	1829	1	 1.042148246e-03 1.162761897e-06
1737	1830	1	 7.191476043e-04 5.536915093e-07
1750	1817	1	 1.217456370e-03 1.586859953e-06
1751	1830	1	 2.451980820e-03 6.436739378e-06
1752	1815	1	 2.659842575e-03 7.574320087e-06
1752	1816	1	 1.820188587e-03 3.547027548e-06
1752	1817	1	 2.302069530e-03 5.673729950e-06
1752	1830	1	 2.904241637e-03 9.030198202e-06
1753	1827	1	 1.020987334e-03 1.116021333e-06
1753	1828	1	 2.147847911e-03 4.938997875e-06
1753	1830	1	 6.042948685e-04 3.909575464e-07
1761	1804	1	 1.641692577e-03 2.885462649e-06
1762	1804	1	 1.963349188e-03 4.126927903e-06
1764	1802	1	 2.820915705e-03 8.519458760e-06
1764	1804	1	 9.029355177e-04 8.728613452e-07
1764	1817	1	 1.719721249e-03 3.166269685e-06
1765	1817	1	 9.208078333e-04 9.077574003e-07
1766	1817	1	 1.099192280e-03 1.293537807e-06
1767	1802	1	 3.709296781e-03 1.473041400e-05
1767	1804	1	 9.598964668e-04 9.864624855e-07
1768	1804	1	 3.401404411e-03 1.238649207e-05
1769	1802	1	 2.855180137e-03 8.727680013e-06
1769	1803	1	 1.128468528e-03 1.363360448e-06
1769	1804	1	 1.916177759e-03 3.931003021e-06
1770	1802	1	 8.169165850e-04 7.144752911e-07
1770	1803	1	 2.253269311e-04 5.435731436e-08
1770	1804	1	 4.488627531e-04 2.157043609e-07
1779	1803	1	 2.409853367e-03 6.217460335e-06
1780	1803	1	 1.721360516e-03 3.172308843e-06
1783	1803	1	 8.374346215e-04 7.508161593e-07
1784	1798	1	 3.518773443e-03 1.325605810e-05
1784	1802	1	 1.986951705e-03 4.226748531e-06
1784	1803	1	 1.980052733e-04 4.197447773e-08
1786	1882	1	 2.223446639e-03 5.292796670e-06
1786	2036	1	 1.093443774e-03 1.280043415e-06
1786	2037	1	 4.514466171e-04 2.181948992e-07
1786	2040	1	 6.699303225e-04 4.804974181e-07
1786	2464	1	 3.183606545e-03 1.085102004e-05
1786	2467	1	 1.386969684e-03 2.059518631e-06
1786	2470	1	 2.273153158e-03 5.532089327e-06
1786	2471	1	 2.194559772e-03 5.156162736e-06
1786	2472	1	 5.249018917e-04 2.949769383e-07
1786	2474	1	 1.991242662e-03 4.245024141e-06
1786	2478	1	 3.858397374e-03 1.593843569e-05
1786	2562	1	 3.112386858e-03 1.037095939e-05
1786	2720	1	 1.934171631e-03 4.005177850e-06
1787	1882	1	 3.133420029e-03 1.051160464e-05
1787	2037	1	 2.899959702e-03 9.003590071e-06
1787	2040	1	 1.796914155e-03 3.456897059e-06
1787	2472	1	 2.773996250e-03 8.238412381e-06
1788	2464	1	 3.025479894e-03 9.799870351e-06
1788	2478	1	 1.455417185e-03 2.267810623e-06
1788	2481	1	 1.511977402e-03 2.447498239e-06
1789	2463	1	 3.607336070e-03 1.393172831e-05
1789	2464	1	 9.820267357e-04 1.032472305e-06
1789	2467	1	 1.160061528e-03 1.440767277e-06
1789	2468	1	 9.695118941e-04 1.006324557e-06
1789	2470	1	 2.595412667e-03 7.211815829e-06
1789	2478	1	 1.813385699e-04 3.520563327e-08
1789	2479	1	 8.169617408e-04 7.145542798e-07
1789	2480	1	 1.454493710e-03 2.264933641e-06
1789	2481	1	 5.846945705e-04 3.660074367e-07
1789	2482	1	 8.973391371e-04 8.620749134e-07
1789	2483	1	 6.572507834e-04 4.624811248e-07
1790	2472	1	 2.115570168e-03 4.791667305e-06
1791	2036	1	 2.202714969e-03 5.194555541e-06
1791	2037	1	 1.619808182e-03 2.809046733e-06
1791	2040	1	 1.767722451e-03 3.345491594e-06
1791	2472	1	 1.546314688e-03 2.559926816e-06
1791	2474	1	 1.973872264e-03 4.171285125e-06
1792	2035	1	 2.907198164e-03 9.048593099e-06
1792	2036	1	 6.757851207e-04 4.889326487e-07
1792	2037	1	 9.937251119e-04 1.057217437e-06
1792	2040	1	 3.648305677e-04 1.424997905e-07
1793	2037	1	 2.554471065e-03 6.986083355e-06
1793	2471	1	 2.546534153e-03 6.942738346e-06
1793	2472	1	 9.063113333e-04 8.794002998e-07
1793	2474	1	 7.554786602e-04 6.110492152e-07
1793	2476	1	 1.934135137e-03 4.005026714e-06
1794	2035	1	 1.157104995e-03 1.433432757e-06
1794	2036	1	 5.425424027e-04 3.151368288e-07
1794	2037	1	 1.081738117e-03 1.252783585e-06
1794	2038	1	 1.842399704e-03 3.634121960e-06
1794	2039	1	 1.279838489e-03 1.753646776e-06
1794	2040	1	 5.273392473e-04 2.977227198e-07
1795	2037	1	 2.732557094e-03 7.994112899e-06
1795	2039	1	 3.091789349e-03 1.023414536e-05
1795	2472	1	 2.274878664e-03 5.540491116e-06
1795	2474	1	 8.888400607e-04 8.458221001e-07
1795	2476	1	 1.526136219e-03 2.493551753e-06
1795	2477	1	 1.910808073e-03 3.909002270e-06
1796	2035	1	 2.272312658e-03 5.527999093e-06
1796	2036	1	 1.604475717e-03 2.756119760e-06
1796	2037	1	 1.834936269e-03 3.604738437e-06
1796	2038	1	 1.588271829e-03 2.700731771e-06
1796	2039	1	 7.183073847e-04 5.523984488e-07
1796	2040	1	 2.701217284e-03 7.811794814e-06
1796	2474	1	 2.463773996e-03 6.498805241e-06
1797	2035	1	 2.635293934e-03 7.435153043e-06
1797	2036	1	 3.731418577e-03 1.490663874e-05
1797	2038	1	 1.180083605e-03 1.490930301e-06
1797	2039	1	 2.008759584e-04 4.320039436e-08
1798	2481	1	 1.541333004e-03 2.543459014e-06
1799	2480	1	 2.590304581e-03 7.183456315e-06
1799	2481	1	 5.311000762e-04 3.019844046e-07
1799	2482	1	 3.463518797e-03 1.284301192e-05
1800	2481	1	 9.452593499e-04 9.566074336e-07
1802	2481	1	 3.267496257e-03 1.143041465e-05
1803	2463	1	 1.360147396e-03 1.980631749e-06
1803	2464	1	 2.133571226e-03 4.873557328e-06
1804	2442	1	 3.550483954e-03 1.349605676e-05
1804	2443	1	 2.536224797e-03 6.886638344e-06
1804	2444	1	 1.814952051e-03 3.526647879e-06
1804	2445	1	 2.358185147e-03 5.953708768e-06
1804	2481	1	 2.952050099e-03 9.329948253e-06
1804	2482	1	 2.037783310e-03 4.445778174e-06
1805	2480	1	 2.321953938e-03 5.772168334e-06
1805	2481	1	 4.178793399e-04 1.869534947e-07
1805	2486	1	 3.085371592e-03 1.019170256e-05
1806	2481	1	 2.461503996e-03 6.486835400e-06
1807	2486	1	 3.734642023e-03 1.493240454e-05
1807	2493	1	 1.525084993e-03 2.490117743e-06
1807	2496	1	 1.561574735e-03 2.610702201e-06
1808	2445	1	 2.196117075e-03 5.163483163e-06
1808	2481	1	 3.011884938e-03 9.711997030e-06
1808	2485	1	 3.842428351e-03 1.580677764e-05
1808	2486	1	 9.194083199e-04 9.050001405e-07
1808	2487	1	 9.036819757e-04 8.743051331e-07
1808	2489	1	 3.858811939e-03 1.594186088e-05
1808	2491	1	 3.822629831e-03 1.564430510e-05
1808	2493	1	 1.751051284e-04 3.282687333e-08
1808	2494	1	 9.158231083e-04 8.979558474e-07
1808	2495	1	 1.376470954e-03 2.028457395e-06
1808	2496	1	 5.642854480e-04 3.409019528e-07
1808	2497	1	 1.280278904e-03 1.754853906e-06
1809	2481	1	 2.859412732e-03 8.753575480e-06
1809	2490	1	 2.053743045e-03 4.515688743e-06
1812	2490	1	 3.628859172e-03 1.409847104e-05
1813	2496	1	 1.394873149e-03 2.083057299e-06
1814	2495	1	 2.254379409e-03 5.441088699e-06
1814	2496	1	 3.188760364e-04 1.088618108e-07
1815	2496	1	 7.846811325e-04 6.592015323e-07
1817	2432	1	 3.794552472e-03 1.541533309e-05
1817	2445	1	 3.675565077e-03 1.446372049e-05
1817	2496	1	 1.606678456e-03 2.763692551e-06
1818	2495	1	 2.308877859e-03 5.707339483e-06
1818	2496	1	 3.172603919e-04 1.077614684e-07
1818	2499	1	 2.708096852e-03 7.851636266e-06
1819	2496	1	 2.468942722e-03 6.526101394e-06
1820	2496	1	 3.487834156e-03 1.302397160e-05
1820	2499	1	 2.356781721e-03 5.946624423e-06
1820	2502	1	 3.745627972e-03 1.502038509e-05
1820	2503	1	 2.181204627e-03 5.093597318e-06
1820	2506	1	 3.431755995e-03 1.260853388e-05
1821	2495	1	 3.585216118e-03 1.376139523e-05
1821	2496	1	 1.519423851e-03 2.471665334e-06
1821	2498	1	 2.465321519e-03 6.506971746e-06
1821	2499	1	 3.501545751e-04 1.312657421e-07
1821	2500	1	 7.916641190e-04 6.709863896e-07
1821	2502	1	 8.385635946e-04 7.528419238e-07
1821	2503	1	 2.882593338e-04 8.896077237e-08
1821	2504	1	 2.188701233e-03 5.128669968e-06
1821	2505	1	 3.123264120e-03 1.044357553e-05
1821	2506	1	 1.345709914e-03 1.938807502e-06
1823	2506	1	 2.653828820e-03 7.540108581e-06
1824	2503	1	 2.924512019e-03 9.156692055e-06
1824	2505	1	 2.703155810e-03 7.823011095e-06
1824	2506	1	 4.565419253e-04 2.231480621e-07
1824	2508	1	 2.124731667e-03 4.833257895e-06
1824	2510	1	 3.654075065e-03 1.429508418e-05
1825	2506	1	 8.036246866e-04 6.914142507e-07
1827	2506	1	 1.494524534e-03 2.391321043e-06
1827	2508	1	 9.971352615e-04 1.064485957e-06
1827	2509	1	 3.714035088e-03 1.476807171e-05
1827	2510	1	 8.739028158e-04 8.176323480e-07
1828	2510	1	 3.631896797e-03 1.412208386e-05
1831	2505	1	 1.963819645e-03 4.128905926e-06
1831	2506	1	 2.356177633e-04 5.943576346e-08
1831	2512	1	 3.341371833e-03 1.195312338e-05
1832	2506	1	 1.704554614e-03 3.110667768e-06
1833	2506	1	 2.246200899e-03 5.401681601e-06
1833	2512	1	 2.164327843e-03 5.015080177e-06
1833	2519	1	 2.514343167e-03 6.768320113e-06
1834	2505	1	 2.767044012e-03 8.197169618e-06
1834	2506	1	 1.082589190e-03 1.254755652e-06
1834	2511	1	 2.045418427e-03 4.479155254e-06
1834	2512	1	 3.117444440e-04 1.040469208e-07
1834	2513	1	 8.341740238e-04 7.449808536e-07
1834	2515	1	 8.670268741e-04 8.048165632e-07
1834	2519	1	 3.954179551e-04 1.673958008e-07
1834	2520	1	 2.913004720e-03 9.084774761e-06
1834	2521	1	 3.742425138e-03 1.499470863e-05
1835	2506	1	 3.680783416e-03 1.450481903e-05
1836	2506	1	 1.663021324e-03 2.960925115e-06
1836	2515	1	 2.313962060e-03 5.732502538e-06
1836	2518	1	 1.733931608e-03 3.218812763e-06
1837	2515	1	 1.446525067e-03 2.240184126e-06
1837	2516	1	 2.633716905e-03 7.426256925e-06
1837	2518	1	 1.008638660e-03 1.089188403e-06
1840	2519	1	 2.610719837e-03 7.297134074e-06
1840	2521	1	 2.685981684e-03 7.723922036e-06
1840	2522	1	 1.802960909e-03 3.480201655e-06
1841	2522	1	 2.685218983e-03 7.719536150e-06
1843	2407	1	 3.573536425e-03 1.367187926e-05
1843	2522	1	 2.216512989e-03 5.259837767e-06
1844	2407	1	 3.306098576e-03 1.170208868e-05
1844	2509	1	 2.980871593e-03 9.513018132e-06
1844	2519	1	 2.272945931e-03 5.531080730e-06
1844	2522	1	 3.587992586e-03 1.378271772e-05
1844	2523	1	 2.419767251e-03 6.268721519e-06
1845	2526	1	 2.968876409e-03 9.436610401e-06
1847	2526	1	 2.948669799e-03 9.308593620e-06
1847	2532	1	 1.941733868e-03 4.036558020e-06
1848	2522	1	 1.778896044e-03 3.387918282e-06
1848	2525	1	 2.934221631e-03 9.217594878e-06
1848	2526	1	 5.554514970e-04 3.303117865e-07
1848	2527	1	 8.588591786e-04 7.897246797e-07
1848	2529	1	 2.418864562e-03 6.264045327e-06
1848	2532	1	 2.435735924e-04 6.351732369e-08
1848	2533	1	 1.626519534e-03 2.832372404e-06
1848	2534	1	 3.276061788e-03 1.149042139e-05
1848	2535	1	 1.639299376e-03 2.877056128e-06
1848	2536	1	 2.097605427e-03 4.710634230e-06
1850	2525	1	 3.503440756e-03 1.314078602e-05
1850	2526	1	 1.370736533e-03 2.011591368e-06
1850	2529	1	 1.161726740e-03 1.444906549e-06
1851	2525	1	 2.543980659e-03 6.928821897e-06
1851	2526	1	 1.830439686e-03 3.587092980e-06
1851	2529	1	 2.897469764e-03 8.988135544e-06
1853	2532	1	 3.568245506e-03 1.363142450e-05
1853	2535	1	 1.343263300e-03 1.931764081e-06
1853	2536	1	 3.461313398e-03 1.282666153e-05
1854	2535	1	 1.280808908e-03 1.756307140e-06
1857	2536	1	 1.847191953e-03 3.653051911e-06
1858	2522	1	 3.891431920e-03 1.621252510e-05
1858	2532	1	 3.679376435e-03 1.449373221e-05
1858	2536	1	 1.560534853e-03 2.607226327e-06
1858	2537	1	 3.199840414e-03 1.096196538e-05
1859	2388	1	 1.365922180e-03 1.997485808e-06
1859	2390	1	 3.536207662e-03 1.338774123e-05
1859	2536	1	 2.198511670e-03 5.174749586e-06
1860	2407	1	 1.204285796e-03 1.552712022e-06
1860	2522	1	 1.859936445e-03 3.703633439e-06
1860	2536	1	 1.644259306e-03 2.894492341e-06
1860	2537	1	 1.599863588e-03 2.740297386e-06
1860	2538	1	 1.988040794e-03 4.231383334e-06
1860	2539	1	 3.659299026e-03 1.433598665e-05
1861	2385	1	 1.325039744e-03 1.879704570e-06
1861	2386	1	 2.028498053e-03 4.405355679e-06
1861	2388	1	 7.008250031e-04 5.258367838e-07
1861	2390	1	 3.372805111e-03 1.217907436e-05
1861	2536	1	 2.307013285e-03 5.698125082e-06
1861	2537	1	 2.303851862e-03 5.682518895e-06
1861	2539	1	 1.974016204e-03 4.171893512e-06
1862	2385	1	 2.594105135e-03 7.204551239e-06
1862	2388	1	 3.107338589e-03 1.033734343e-05
1862	2407	1	 1.313448867e-03 1.846962715e-06
1862	2536	1	 2.005150612e-03 4.304530469e-06
1862	2537	1	 1.308565005e-03 1.833252944e-06
1862	2538	1	 2.346886188e-03 5.896792500e-06
1862	2539	1	 1.594276673e-03 2.721191911e-06
1862	2541	1	 3.237006451e-03 1.121808994e-05
1863	2385	1	 1.304261385e-03 1.821214336e-06
1863	2404	1	 2.479538919e-03 6.582238986e-06
1863	2405	1	 7.179077680e-04 5.517839870e-07
1863	2407	1	 2.902024105e-04 9.016413460e-08
1863	2537	1	 1.866537201e-03 3.729967846e-06
1863	2538	1	 2.284719056e-03 5.588527542e-06
1863	2539	1	 1.516976788e-03 2.463710410e-06
1863	2540	1	 2.379854780e-03 6.063630123e-06
1863	2541	1	 1.582799512e-03 2.682153341e-06
1863	2542	1	 1.985321392e-03 4.219815199e-06
1864	2534	1	 2.069360270e-03 4.584626933e-06
1864	2535	1	 4.776175042e-04 2.442262030e-07
1865	2535	1	 1.726239684e-03 3.190318044e-06
1866	2550	1	 2.229392015e-03 5.321139815e-06
1867	2535	1	 3.616960885e-03 1.400617061e-05
1867	2545	1	 1.159899128e-03 1.440363912e-06
1867	2546	1	 1.173379445e-03 1.474038204e-06
1867	2549	1	 3.392063077e-03 1.231855102e-05
1867	2550	1	 4.680213551e-04 2.345109506e-07
1868	2535	1	 1.083947562e-03 1.257906420e-06
1868	2545	1	 2.725425873e-03 7.952442480e-06
1868	2549	1	 1.692880432e-03 3.068204891e-06
