2382	3061	1	 1.472951095e-03 2.322781953e-06
2382	3064	1	 2.067744489e-03 4.577470263e-06
2383	3064	1	 1.254940436e-03 1.686079367e-06
2385	3061	1	 3.405989031e-03 1.241990510e-05
2386	3068	1	 1.869668389e-03 3.742492671e-06
2387	3061	1	 1.404247074e-03 2.111148791e-06
2387	3065	1	 2.878201039e-03 8.868987424e-06
2387	3066	1	 1.542857804e-03 2.548493854e-06
2387	3068	1	 5.234234068e-04 2.933175625e-07
2387	3070	1	 1.073774856e-03 1.234406637e-06
2389	3066	1	 2.644199597e-03 7.485490388e-06
2389	3068	1	 6.752747681e-04 4.881944441e-07
2389	3070	1	 5.096981627e-04 2.781364606e-07
2389	3071	1	 1.825620491e-03 3.568229595e-06
2391	3068	1	 2.578506324e-03 7.118167273e-06
2391	3070	1	 1.508105674e-03 2.434979647e-06
2392	3070	1	 2.546018544e-03 6.939927169e-06
2393	3061	1	 2.884195300e-03 8.905967734e-06
2393	3063	1	 1.417991686e-03 2.152678419e-06
2393	3064	1	 2.386099259e-04 6.095492477e-08
2394	3063	1	 3.300159245e-03 1.166008137e-05
2394	3064	1	 6.459065345e-04 4.466539141e-07
2395	3064	1	 1.442910086e-03 2.229001321e-06
2395	3074	1	 3.128823524e-03 1.048078770e-05
2395	3080	1	 2.559290677e-03 7.012470012e-06
2396	3063	1	 1.529026182e-03 2.503004509e-06
2396	3064	1	 7.383101244e-04 5.835921420e-07
2396	3073	1	 1.710072918e-03 3.130841244e-06
2396	3074	1	 9.158338640e-04 8.979769393e-07
2396	3075	1	 1.237212405e-03 1.638778733e-06
2396	3080	1	 6.427645780e-04 4.423190644e-07
2396	3081	1	 2.773625894e-03 8.236212703e-06
2396	3084	1	 2.088801280e-03 4.671173921e-06
2396	3085	1	 3.688333190e-03 1.456438267e-05
2397	3063	1	 2.450592457e-03 6.429452209e-06
2397	3064	1	 3.671953395e-04 1.443530979e-07
2397	3074	1	 2.501003152e-03 6.696691092e-06
2397	3079	1	 2.906384184e-03 9.043526820e-06
2398	3063	1	 1.829789859e-03 3.584546513e-06
2398	3064	1	 2.040225237e-04 4.456439535e-08
2401	3080	1	 3.614511004e-03 1.398720340e-05
2401	3083	1	 1.674443437e-03 3.001737776e-06
2401	3084	1	 2.762682656e-03 8.171349572e-06
2402	3083	1	 1.132913581e-03 1.374122193e-06
2405	3084	1	 2.961015589e-03 9.386705130e-06
2405	3087	1	 2.608127134e-03 7.282647721e-06
2408	3082	1	 1.400008656e-03 2.098423925e-06
2408	3083	1	 2.019755115e-04 4.367462866e-08
2408	3084	1	 3.611573484e-03 1.396447778e-05
2408	3086	1	 3.465015166e-03 1.285411163e-05
2409	3082	1	 3.514865060e-03 1.322662683e-05
2409	3083	1	 6.582351842e-04 4.638675293e-07
2410	3083	1	 1.225949122e-03 1.609076460e-06
2410	3089	1	 2.648384588e-03 7.509203805e-06
2410	3093	1	 2.138889338e-03 4.897883142e-06
2410	3096	1	 3.404073576e-03 1.240593966e-05
2411	3082	1	 1.261603867e-03 1.704032253e-06
2411	3083	1	 5.155709549e-04 2.845828169e-07
2411	3086	1	 2.385672972e-03 6.093314695e-06
2411	3088	1	 1.269984901e-03 1.726747766e-06
2411	3089	1	 4.541341583e-04 2.208005374e-07
2411	3090	1	 8.440656821e-04 7.627536140e-07
2411	3092	1	 2.982133887e-03 9.521076692e-06
2411	3093	1	 2.907659460e-04 9.051464877e-08
2411	3094	1	 2.028375719e-03 4.404824339e-06
2411	3095	1	 3.343098728e-03 1.196548185e-05
2411	3096	1	 1.484615670e-03 2.359716711e-06
2411	3097	1	 3.391130988e-03 1.231178205e-05
2412	3082	1	 3.171903118e-03 1.077138665e-05
2412	3083	1	 5.169800469e-04 2.861405126e-07
2412	3089	1	 3.116947886e-03 1.040137777e-05
2413	3096	1	 2.528181901e-03 6.843029677e-06
2414	3093	1	 3.164045891e-03 1.071808842e-05
2414	3095	1	 2.727949856e-03 7.967178619e-06
2414	3096	1	 4.722369706e-04 2.387546047e-07
2415	3096	1	 8.223336855e-04 7.239823009e-07
2417	3096	1	 1.717594930e-03 3.158444768e-06
2418	3095	1	 1.995706551e-03 4.264078131e-06
2418	3096	1	 2.482659283e-04 6.598816188e-08
2418	3099	1	 3.305805702e-03 1.170001548e-05
2419	3096	1	 1.776459684e-03 3.378644510e-06
2420	3096	1	 3.070693787e-03 1.009496478e-05
2420	3099	1	 3.198979255e-03 1.095606588e-05
2420	3106	1	 1.766319825e-03 3.340184640e-06
2420	3109	1	 2.412657955e-03 6.231940521e-06
2420	3111	1	 3.021411812e-03 9.773534114e-06
2421	3095	1	 3.511142922e-03 1.319862845e-05
2421	3096	1	 1.400987900e-03 2.101360460e-06
2421	3098	1	 2.964140671e-03 9.406529210e-06
2421	3099	1	 6.669864181e-04 4.762837546e-07
2421	3100	1	 8.681882143e-04 8.069740323e-07
2421	3102	1	 2.852592774e-03 8.711869140e-06
2421	3106	1	 2.133492272e-04 4.873196637e-08
2421	3107	1	 1.329739872e-03 1.893063447e-06
2421	3108	1	 2.089565465e-03 4.674592430e-06
2421	3109	1	 9.540889943e-04 9.745621944e-07
2421	3110	1	 2.044746411e-03 4.476212514e-06
2421	3111	1	 6.291153320e-04 4.237330377e-07
2421	3112	1	 1.822655034e-03 3.556646861e-06
2421	3113	1	 2.512265873e-03 6.757141064e-06
2422	3096	1	 2.897127757e-03 8.986013816e-06
2423	3096	1	 2.716245758e-03 7.898959914e-06
2423	3099	1	 1.145966455e-03 1.405968523e-06
2423	3102	1	 8.021699675e-04 6.889133242e-07
2423	3106	1	 2.806670137e-03 8.433629834e-06
2424	3102	1	 2.749669488e-03 8.094551240e-06
2424	3106	1	 3.487634489e-03 1.302248048e-05
2424	3109	1	 3.397094256e-03 1.235512039e-05
2424	3119	1	 3.044207158e-03 9.921565261e-06
2425	3096	1	 3.798221251e-03 1.544515625e-05
2425	3099	1	 1.640252233e-03 2.880401731e-06
2425	3102	1	 4.504752099e-04 2.172569010e-07
2425	3103	1	 2.854639589e-03 8.724375641e-06
2425	3104	1	 3.823281418e-03 1.564963886e-05
2426	3109	1	 1.954497908e-03 4.089801288e-06
2427	3106	1	 3.863652064e-03 1.598187785e-05
2427	3108	1	 2.502930920e-03 6.707018661e-06
2427	3109	1	 3.909621721e-04 1.636444442e-07
2427	3111	1	 2.707738262e-03 7.849557073e-06
2427	3112	1	 1.978781541e-03 4.192059988e-06
2428	3109	1	 7.942673553e-04 6.754064663e-07
2430	3109	1	 1.694165184e-03 3.072863667e-06
2430	3111	1	 2.041091533e-03 4.460224820e-06
2430	3112	1	 5.977174441e-04 3.824931388e-07
2431	3112	1	 1.500739908e-03 2.411252279e-06
2433	3111	1	 1.877602891e-03 3.774324866e-06
2433	3112	1	 5.094761620e-04 2.778942270e-07
2434	3108	1	 2.109529606e-03 4.764343190e-06
2434	3109	1	 2.683831650e-04 7.711561528e-08
2434	3115	1	 2.996121010e-03 9.610599689e-06
2434	3126	1	 3.818181671e-03 1.560791764e-05
2435	3109	1	 2.036831333e-03 4.441625341e-06
2436	3109	1	 3.122613665e-03 1.043922599e-05
2436	3115	1	 3.102292811e-03 1.030379858e-05
2436	3123	1	 3.064749684e-03 1.005591991e-05
2436	3125	1	 3.897039328e-03 1.625928205e-05
2436	3126	1	 2.167034465e-03 5.027631338e-06
2437	3115	1	 1.650412163e-03 2.916195390e-06
2437	3116	1	 2.084259961e-03 4.650884554e-06
2437	3118	1	 3.181281484e-03 1.083517633e-05
2437	3120	1	 2.239780967e-03 5.370848319e-06
2437	3123	1	 9.234771328e-04 9.130279647e-07
2437	3126	1	 2.152626612e-03 4.960999665e-06
2437	3135	1	 3.632923650e-03 1.413007051e-05
2438	3119	1	 2.904329290e-03 9.030743289e-06
2440	3123	1	 3.125319515e-03 1.045732572e-05
2440	3125	1	 1.813110944e-03 3.519496572e-06
2440	3126	1	 1.830544522e-03 3.587503885e-06
2441	3120	1	 3.462241789e-03 1.283354316e-05
2441	3122	1	 3.407241102e-03 1.242903812e-05
2441	3123	1	 8.191607228e-04 7.184061291e-07
2441	3124	1	 3.165458731e-03 1.072766244e-05
2441	3125	1	 7.223943479e-04 5.587023092e-07
2441	3126	1	 1.591565834e-03 2.711945783e-06
2442	3123	1	 9.374504889e-04 9.408675008e-07
2444	3125	1	 1.115372626e-03 1.331900406e-06
2444	3126	1	 3.863076124e-03 1.597711349e-05
2447	3122	1	 1.764631400e-03 3.333801927e-06
2447	3123	1	 2.470513431e-04 6.534407679e-08
2448	3123	1	 1.327019197e-03 1.885324881e-06
2449	3123	1	 3.544309987e-03 1.344916075e-05
2449	3139	1	 1.995801372e-03 4.264483335e-06
2449	3143	1	 2.645461576e-03 7.492637193e-06
2450	3123	1	 2.319262517e-03 5.758794828e-06
2450	3128	1	 2.294135922e-03 5.634690652e-06
2450	3129	1	 1.599336397e-03 2.738491702e-06
2450	3139	1	 6.567065459e-04 4.617155256e-07
2450	3140	1	 1.575358371e-03 2.656993656e-06
2450	3142	1	 3.203001849e-03 1.098363688e-05
2450	3143	1	 5.833893144e-04 3.643751308e-07
2450	3144	1	 3.304987088e-03 1.169422167e-05
2451	3123	1	 1.114523470e-03 1.329873171e-06
2451	3128	1	 2.279090032e-03 5.561023763e-06
2451	3132	1	 2.490184633e-03 6.638881019e-06
2451	3133	1	 2.198187018e-03 5.173221395e-06
2451	3134	1	 3.787770584e-03 1.536027962e-05
2451	3135	1	 3.090946206e-03 1.022856434e-05
2451	3139	1	 3.622677552e-03 1.405047957e-05
2452	3123	1	 3.832987149e-03 1.572919563e-05
2452	3133	1	 3.181020696e-03 1.083339996e-05
2452	3135	1	 2.205779651e-03 5.209020176e-06
2452	3136	1	 3.842203952e-03 1.580493145e-05
2452	3137	1	 2.454089120e-03 6.447813212e-06
2453	3135	1	 2.617699581e-03 7.336203923e-06
2454	3135	1	 3.684414038e-03 1.453344744e-05
2454	3136	1	 2.576867600e-03 7.109122496e-06
2454	3137	1	 2.170412038e-03 5.043315838e-06
2454	3138	1	 2.799443317e-03 8.390254695e-06
2456	3137	1	 3.193242645e-03 1.091680691e-05
2456	3138	1	 2.157612929e-03 4.984009475e-06
2457	3138	1	 2.608612281e-03 7.285357312e-06
2459	3142	1	 3.130848979e-03 1.049436164e-05
2460	3142	1	 1.063229981e-03 1.210281004e-06
2460	3143	1	 1.855074729e-03 3.684296778e-06
2461	3142	1	 8.973800638e-04 8.621535519e-07
2464	3143	1	 2.218728761e-03 5.270359182e-06
2465	3141	1	 1.597513449e-03 2.732252510e-06
2465	3142	1	 1.870260373e-04 3.744862980e-08
2466	3144	1	 3.174066762e-03 1.078608659e-05
2468	3144	1	 3.018256320e-03 9.753130270e-06
2469	3143	1	 3.595052275e-03 1.383700849e-05
2469	3144	1	 9.784602658e-04 1.024986572e-06
2483	3143	1	 1.356538376e-03 1.970134864e-06
2483	3144	1	 2.131110705e-03 4.862323039e-06
2484	3122	1	 3.541720505e-03 1.342951596e-05
2484	3123	1	 2.531998423e-03 6.863705633e-06
2484	3124	1	 1.815465345e-03 3.528642935e-06
2484	3125	1	 2.358210301e-03 5.953835785e-06
2488	3125	1	 2.186384344e-03 5.117817621e-06
2497	3112	1	 3.795947881e-03 1.542667285e-05
2497	3125	1	 3.664005178e-03 1.437288482e-05
2523	3087	1	 3.568836872e-03 1.363594316e-05
2524	3087	1	 3.305553647e-03 1.169823139e-05
2539	3068	1	 1.367045437e-03 2.000772396e-06
2539	3070	1	 3.545862549e-03 1.346094597e-05
2540	3087	1	 1.199771206e-03 1.541092325e-06
2541	3065	1	 1.324768516e-03 1.878935121e-06
2541	3066	1	 2.028927381e-03 4.407220649e-06
2541	3068	1	 7.022642771e-04 5.279988081e-07
2541	3070	1	 3.384750196e-03 1.226549364e-05
2542	3065	1	 2.595912502e-03 7.214593857e-06
2542	3068	1	 3.111359901e-03 1.036411655e-05
2542	3087	1	 1.310273270e-03 1.838042505e-06
2543	3065	1	 1.306040711e-03 1.826186875e-06
2543	3084	1	 2.472384466e-03 6.544309047e-06
2543	3085	1	 7.166486673e-04 5.498501944e-07
2543	3087	1	 2.895483181e-04 8.975814752e-08
2556	3142	1	 3.539393916e-03 1.341187780e-05
2557	3141	1	 2.320719551e-03 5.766032814e-06
2557	3142	1	 4.095270411e-04 1.795547732e-07
2559	3141	1	 1.541542651e-03 2.544150966e-06
2559	3142	1	 2.856826557e-04 8.737748427e-08
2559	3143	1	 1.572309271e-03 2.646718410e-06
2559	3144	1	 3.271734578e-03 1.146008703e-05
2561	3142	1	 2.461670761e-03 6.487714382e-06
2562	3143	1	 2.607996155e-03 7.281916275e-06
2562	3144	1	 2.711147271e-03 7.869334507e-06
3062	3741	1	 1.472083467e-03 2.320046334e-06
3062	3744	1	 2.062986681e-03 4.556429299e-06
3063	3744	1	 1.252426921e-03 1.679332049e-06
3065	3219	1	 1.281964390e-03 1.759477475e-06
3065	3221	1	 9.304560841e-04 9.268800781e-07
3065	3741	1	 3.402394193e-03 1.239370186e-05
3066	3219	1	 8.434654595e-04 7.616691979e-07
3066	3221	1	 1.161911690e-03 1.445366652e-06
3066	3748	1	 1.867451588e-03 3.733623246e-06
3067	3219	1	 2.262603821e-03 5.480861404e-06
3067	3221	1	 2.384788338e-03 6.088796600e-06
3067	3741	1	 1.403480167e-03 2.108843481e-06
3067	3745	1	 2.876268193e-03 8.857079546e-06
3067	3746	1	 1.541158779e-03 2.542884044e-06
3067	3748	1	 5.232266064e-04 2.930970368e-07
3067	3750	1	 1.072883037e-03 1.232357027e-06
3068	3216	1	 3.589944770e-03 1.379771983e-05
3068	3217	1	 3.129992773e-03 1.048862256e-05
3068	3219	1	 7.510894329e-04 6.039696167e-07
3068	3221	1	 2.218416374e-03 5.268875200e-06
3069	3746	1	 2.641077757e-03 7.467825528e-06
3069	3748	1	 6.747245635e-04 4.873992199e-07
3069	3750	1	 5.095195176e-04 2.779415257e-07
3069	3751	1	 1.823355278e-03 3.559380238e-06
3070	3219	1	 1.926546887e-03 3.973662278e-06
3070	3230	1	 3.345372330e-03 1.198176255e-05
3071	3230	1	 3.057366141e-03 1.000752517e-05
3071	3748	1	 2.574678613e-03 7.097049570e-06
3071	3750	1	 1.506561955e-03 2.429997238e-06
3072	3230	1	 9.316269796e-04 9.292143367e-07
3072	3750	1	 2.546342745e-03 6.941694692e-06
3073	3741	1	 2.881110651e-03 8.886928040e-06
3073	3743	1	 1.414923648e-03 2.143373209e-06
3073	3744	1	 2.378336351e-04 6.055894984e-08
3074	3743	1	 3.293781306e-03 1.161505601e-05
3074	3744	1	 6.444095539e-04 4.445859449e-07
3075	3223	1	 3.840669932e-03 1.579231357e-05
3075	3744	1	 1.439434954e-03 2.218277513e-06
3075	3754	1	 3.121907615e-03 1.043450573e-05
3075	3760	1	 2.558304414e-03 7.007066321e-06
3076	3222	1	 3.179090910e-03 1.082025964e-05
3076	3223	1	 7.987138578e-04 6.829898143e-07
3076	3743	1	 1.524451036e-03 2.488047958e-06
3076	3744	1	 7.365332281e-04 5.807864516e-07
3076	3753	1	 1.705320953e-03 3.113465402e-06
3076	3754	1	 9.132319010e-04 8.928817276e-07
3076	3755	1	 1.235040631e-03 1.633030436e-06
3076	3760	1	 6.425309243e-04 4.419975449e-07
3076	3761	1	 2.774993988e-03 8.244339753e-06
3076	3764	1	 2.090636550e-03 4.679385932e-06
3076	3765	1	 3.688933861e-03 1.456912688e-05
3077	3743	1	 2.448905631e-03 6.420604037e-06
3077	3744	1	 3.670965243e-04 1.442754152e-07
3077	3754	1	 2.499098664e-03 6.686496048e-06
3077	3759	1	 2.901058434e-03 9.010413897e-06
3078	3743	1	 1.832111277e-03 3.593647569e-06
3078	3744	1	 2.044784598e-04 4.476379706e-08
3081	3760	1	 3.606427897e-03 1.392471437e-05
3081	3763	1	 1.672647803e-03 2.995303242e-06
3081	3764	1	 2.760807840e-03 8.160262826e-06
3082	3763	1	 1.131205774e-03 1.369982482e-06
3085	3203	1	 2.582337389e-03 7.139334892e-06
3085	3220	1	 1.505730406e-03 2.427315497e-06
3085	3222	1	 1.441156676e-03 2.223587294e-06
3085	3223	1	 9.900991424e-04 1.049516224e-06
3085	3764	1	 2.956401844e-03 9.357475890e-06
3085	3767	1	 2.609643196e-03 7.291116749e-06
3086	3203	1	 3.181403827e-03 1.083600972e-05
3086	3204	1	 2.665802758e-03 7.608303239e-06
3087	3201	1	 3.611272698e-03 1.396215184e-05
3087	3202	1	 9.360165635e-04 9.379913981e-07
3087	3203	1	 6.840168483e-04 5.009165560e-07
3087	3204	1	 2.582952096e-03 7.142734231e-06
3087	3218	1	 1.550746343e-03 2.574621069e-06
3087	3220	1	 6.764896071e-04 4.899525763e-07
3087	3222	1	 1.406621936e-03 2.118295577e-06
3087	3223	1	 2.117012745e-03 4.798204269e-06
3088	3762	1	 1.397444857e-03 2.090745387e-06
3088	3763	1	 2.013688548e-04 4.341265910e-08
3088	3764	1	 3.610350718e-03 1.395502351e-05
3088	3766	1	 3.469009190e-03 1.288376185e-05
3089	3762	1	 3.514021432e-03 1.322027836e-05
3089	3763	1	 6.577344113e-04 4.631619944e-07
3090	3762	1	 3.886025496e-03 1.616750780e-05
3090	3763	1	 1.222918892e-03 1.601131848e-06
3090	3769	1	 2.646398861e-03 7.497947405e-06
3090	3773	1	 2.144043669e-03 4.921517585e-06
3090	3776	1	 3.415013856e-03 1.248581018e-05
3091	3762	1	 1.259510585e-03 1.698382206e-06
3091	3763	1	 5.141381347e-04 2.830032500e-07
3091	3766	1	 2.388474575e-03 6.107634407e-06
3091	3768	1	 1.267809285e-03 1.720836638e-06
3091	3769	1	 4.534584595e-04 2.201439752e-07
3091	3770	1	 8.453739390e-04 7.651199015e-07
3091	3772	1	 2.975763380e-03 9.480441826e-06
3091	3773	1	 2.917126278e-04 9.110500719e-08
3091	3774	1	 2.033223625e-03 4.425904945e-06
3091	3775	1	 3.354189147e-03 1.204500228e-05
3091	3776	1	 1.489102911e-03 2.374002725e-06
3091	3777	1	 3.399836421e-03 1.237507477e-05
3092	3762	1	 3.169266361e-03 1.075348590e-05
3092	3763	1	 5.162641708e-04 2.853486085e-07
3092	3769	1	 3.114135686e-03 1.038261739e-05
3093	3776	1	 2.534496733e-03 6.877257080e-06
3094	3773	1	 3.165169707e-03 1.072570354e-05
3094	3775	1	 2.732789116e-03 7.995470521e-06
3094	3776	1	 4.732567907e-04 2.397869238e-07
3095	3190	1	 3.633787852e-03 1.413679386e-05
3095	3776	1	 8.236909763e-04 7.263741900e-07
3096	3190	1	 3.130513750e-03 1.049211444e-05
3097	3187	1	 3.236383075e-03 1.121376964e-05
3097	3188	1	 1.823320192e-03 3.559243256e-06
3097	3189	1	 1.043501317e-03 1.165783195e-06
3097	3190	1	 7.203875580e-04 5.556025042e-07
3097	3776	1	 1.717096916e-03 3.156613462e-06
3097	3870	1	 1.145609140e-03 1.405091891e-06
3098	3775	1	 1.995003788e-03 4.261075575e-06
3098	3776	1	 2.481545118e-04 6.592894696e-08
3098	3779	1	 3.300808327e-03 1.166466848e-05
3099	3776	1	 1.774563849e-03 3.371436992e-06
3100	3776	1	 3.064005738e-03 1.005103849e-05
3100	3779	1	 3.191028422e-03 1.090167253e-05
3100	3786	1	 1.764954654e-03 3.335023443e-06
3100	3789	1	 2.419311684e-03 6.266361330e-06
3100	3791	1	 3.025437535e-03 9.799595941e-06
3101	3775	1	 3.503059031e-03 1.313792261e-05
3101	3776	1	 1.397722715e-03 2.091576887e-06
3101	3778	1	 2.955913791e-03 9.354386617e-06
3101	3779	1	 6.645769264e-04 4.728488154e-07
3101	3780	1	 8.664005831e-04 8.036542756e-07
3101	3782	1	 2.845350866e-03 8.667691454e-06
3101	3786	1	 2.130529283e-04 4.859670270e-08
3101	3787	1	 1.332320810e-03 1.900419204e-06
3101	3788	1	 2.091354362e-03 4.682599785e-06
3101	3789	1	 9.567453596e-04 9.799964822e-07
3101	3790	1	 2.049259837e-03 4.495995262e-06
3101	3791	1	 6.302846128e-04 4.253096114e-07
3101	3792	1	 1.826206387e-03 3.570520266e-06
3101	3793	1	 2.512689156e-03 6.759418229e-06
3102	3776	1	 2.895290465e-03 8.974619980e-06
3103	3776	1	 2.710650399e-03 7.866450341e-06
3103	3779	1	 1.144751326e-03 1.402988458e-06
3103	3782	1	 8.004109723e-04 6.858953438e-07
3103	3786	1	 2.809914626e-03 8.453139526e-06
3104	3782	1	 2.745233774e-03 8.068456361e-06
3104	3786	1	 3.488658061e-03 1.303012544e-05
3104	3789	1	 3.402926543e-03 1.239758049e-05
3104	3799	1	 3.045063785e-03 9.927149818e-06
3105	3776	1	 3.798520998e-03 1.544759414e-05
3105	3779	1	 1.642839173e-03 2.889494602e-06
3105	3782	1	 4.508309249e-04 2.176001477e-07
3105	3783	1	 2.856873892e-03 8.738037982e-06
3105	3784	1	 3.825597000e-03 1.566860110e-05
3106	3789	1	 1.956805269e-03 4.099463331e-06
3107	3786	1	 3.856356475e-03 1.592157888e-05
3107	3788	1	 2.502897453e-03 6.706839298e-06
3107	3789	1	 3.913209430e-04 1.639449224e-07
3107	3791	1	 2.707326353e-03 7.847169059e-06
3107	3792	1	 1.980180338e-03 4.197988798e-06
3108	3789	1	 7.942637621e-04 6.754003554e-07
3110	3177	1	 1.217727875e-03 1.587567803e-06
3110	3789	1	 1.693133363e-03 3.069121791e-06
3110	3791	1	 2.040904653e-03 4.459408111e-06
3110	3792	1	 5.982484171e-04 3.831730042e-07
3111	3190	1	 2.451419233e-03 6.433791255e-06
3111	3792	1	 1.501739322e-03 2.414464882e-06
3112	3175	1	 2.659872065e-03 7.574488046e-06
3112	3176	1	 1.820406850e-03 3.547878263e-06
3112	3177	1	 2.303183633e-03 5.679222963e-06
3112	3190	1	 2.903242521e-03 9.023986140e-06
3113	3187	1	 1.021648044e-03 1.117466218e-06
3113	3188	1	 2.147618151e-03 4.937941258e-06
3113	3190	1	 6.043945277e-04 3.910865090e-07
3113	3791	1	 1.878746270e-03 3.778923068e-06
3113	3792	1	 5.100780148e-04 2.785511771e-07
3113	3870	1	 2.625300319e-03 7.378868495e-06
3114	3788	1	 2.109170134e-03 4.762719602e-06
3114	3789	1	 2.681551630e-04 7.698464545e-08
3114	3795	1	 2.997906344e-03 9.622056665e-06
3114	3806	1	 3.824881392e-03 1.566273978e-05
3115	3789	1	 2.034242860e-03 4.430343382e-06
3116	3789	1	 3.117770417e-03 1.040686813e-05
3116	3795	1	 3.099303393e-03 1.028395035e-05
3116	3803	1	 3.071543572e-03 1.010055292e-05
3116	3806	1	 2.167000945e-03 5.027475802e-06
3117	3795	1	 1.648497981e-03 2.909434784e-06
3117	3796	1	 2.084594948e-03 4.652379672e-06
3117	3798	1	 3.175806432e-03 1.079791329e-05
3117	3800	1	 2.242657793e-03 5.384654060e-06
3117	3803	1	 9.262378375e-04 9.184950588e-07
3117	3806	1	 2.153188935e-03 4.963591893e-06
3117	3815	1	 3.629052649e-03 1.409997444e-05
3118	3799	1	 2.898412669e-03 8.993986394e-06
3120	3803	1	 3.130795679e-03 1.049400434e-05
3120	3805	1	 1.814080157e-03 3.523260326e-06
3120	3806	1	 1.829980333e-03 3.585292829e-06
3121	3164	1	 1.641875271e-03 2.886104896e-06
3121	3800	1	 3.463354691e-03 1.284179491e-05
3121	3802	1	 3.413281805e-03 1.247314810e-05
3121	3803	1	 8.205636854e-04 7.208690401e-07
3121	3804	1	 3.166748014e-03 1.073640292e-05
3121	3805	1	 7.232516287e-04 5.600291441e-07
3121	3806	1	 1.592122735e-03 2.713843977e-06
3122	3164	1	 1.964936779e-03 4.133604785e-06
3122	3803	1	 9.389135517e-04 9.438065840e-07
3124	3162	1	 2.821961380e-03 8.525776028e-06
3124	3164	1	 9.022535817e-04 8.715433976e-07
3124	3177	1	 1.718734515e-03 3.162637271e-06
3124	3805	1	 1.114734905e-03 1.330377797e-06
3124	3806	1	 3.859700720e-03 1.594920535e-05
3125	3177	1	 9.203054218e-04 9.067670887e-07
3126	3177	1	 1.099781900e-03 1.294925919e-06
3127	3162	1	 3.712504127e-03 1.475589913e-05
3127	3164	1	 9.602561789e-04 9.872019589e-07
3127	3802	1	 1.763487921e-03 3.329482730e-06
3127	3803	1	 2.465929613e-04 6.510182146e-08
3128	3164	1	 3.401858739e-03 1.238980124e-05
3128	3803	1	 1.324853025e-03 1.879174849e-06
3129	3162	1	 2.855955948e-03 8.732423638e-06
3129	3163	1	 1.128976456e-03 1.364588033e-06
3129	3164	1	 1.916653579e-03 3.932955536e-06
3129	3803	1	 3.536267630e-03 1.338819530e-05
3129	3819	1	 1.997268346e-03 4.270754686e-06
3129	3823	1	 2.647348839e-03 7.503331450e-06
3130	3162	1	 8.184346903e-04 7.171332285e-07
3130	3163	1	 2.260119504e-04 5.468832149e-08
3130	3164	1	 4.495374311e-04 2.163532915e-07
3130	3803	1	 2.311900219e-03 5.722291269e-06
3130	3808	1	 2.289006024e-03 5.609519460e-06
3130	3809	1	 1.599280692e-03 2.738300942e-06
3130	3819	1	 6.568753787e-04 4.619529610e-07
3130	3820	1	 1.577378573e-03 2.663812559e-06
3130	3822	1	 3.209163849e-03 1.102593862e-05
3130	3823	1	 5.841975113e-04 3.653854024e-07
3130	3824	1	 3.312356374e-03 1.174643013e-05
3131	3803	1	 1.113484948e-03 1.327395952e-06
3131	3808	1	 2.276963959e-03 5.550653288e-06
3131	3812	1	 2.488558332e-03 6.630212350e-06
3131	3813	1	 2.195515848e-03 5.160656352e-06
3131	3814	1	 3.783408288e-03 1.532491977e-05
3131	3815	1	 3.085360246e-03 1.019162761e-05
3131	3819	1	 3.630751922e-03 1.411318191e-05
3132	3803	1	 3.835001547e-03 1.574573270e-05
3132	3813	1	 3.184083582e-03 1.085427215e-05
3132	3815	1	 2.206812364e-03 5.213898886e-06
3132	3816	1	 3.847355350e-03 1.584734048e-05
3132	3817	1	 2.453591147e-03 6.445196755e-06
3133	3815	1	 2.619906246e-03 7.348577663e-06
3134	3815	1	 3.687569249e-03 1.455835003e-05
3134	3816	1	 2.578567598e-03 7.118505582e-06
3134	3817	1	 2.169758556e-03 5.040279347e-06
3134	3818	1	 2.795725089e-03 8.367981576e-06
3136	3817	1	 3.195697250e-03 1.093359658e-05
3136	3818	1	 2.157324958e-03 4.982679159e-06
3137	3818	1	 2.606294265e-03 7.272415513e-06
3139	3163	1	 2.414137926e-03 6.239588450e-06
3139	3822	1	 3.134187133e-03 1.051675204e-05
3140	3163	1	 1.722264313e-03 3.175640945e-06
3140	3237	1	 3.157140270e-03 1.067135440e-05
3140	3239	1	 1.386475030e-03 2.058049861e-06
3140	3241	1	 2.205041014e-03 5.205532127e-06
3140	3242	1	 2.710491575e-03 7.865528539e-06
3140	3822	1	 1.064555127e-03 1.213299727e-06
3140	3823	1	 1.855935102e-03 3.687715082e-06
3141	3231	1	 8.650096471e-04 8.010759431e-07
3141	3236	1	 2.218677684e-03 5.270116530e-06
3141	3237	1	 9.634983134e-04 9.938794368e-07
3141	3239	1	 8.612078944e-04 7.940498940e-07
3141	3240	1	 3.645521204e-03 1.422823550e-05
3141	3241	1	 1.851564650e-03 3.670367485e-06
3141	3822	1	 8.977826843e-04 8.629273569e-07
3142	3231	1	 5.185948021e-04 2.879307886e-07
3142	3232	1	 3.687772586e-03 1.455995560e-05
3142	3236	1	 2.369646076e-03 6.011720203e-06
3142	3237	1	 1.991993182e-03 4.248224732e-06
3142	3238	1	 3.042236842e-03 9.908726259e-06
3142	3239	1	 2.236481850e-03 5.355037836e-06
3142	3240	1	 3.373563157e-03 1.218454954e-05
3142	3241	1	 2.920468398e-03 9.131388279e-06
3143	3163	1	 8.386337622e-04 7.529679185e-07
3143	3239	1	 2.329410765e-03 5.809301863e-06
3143	3241	1	 1.670864269e-03 2.988918899e-06
3143	3242	1	 1.327059953e-03 1.885440689e-06
3144	3158	1	 3.515060922e-03 1.322810095e-05
3144	3162	1	 1.988189839e-03 4.232017818e-06
3144	3163	1	 1.982188424e-04 4.206507415e-08
3144	3239	1	 1.303738263e-03 1.819753700e-06
3144	3240	1	 2.177494424e-03 5.076283762e-06
3144	3241	1	 5.872235942e-04 3.691805237e-07
3144	3242	1	 1.805656401e-04 3.490615487e-08
3144	3823	1	 2.217586255e-03 5.264932771e-06
3145	3231	1	 3.688214074e-04 1.456344196e-07
3145	3232	1	 1.352740437e-03 1.959118622e-06
3145	3235	1	 3.302064940e-03 1.167355161e-05
3145	3236	1	 1.372199827e-03 2.015888503e-06
3145	3237	1	 3.900042025e-04 1.628434750e-07
3145	3239	1	 6.226030362e-04 4.150058859e-07
3145	3241	1	 2.497169008e-03 6.676174206e-06
3145	3821	1	 1.597295259e-03 2.731506214e-06
3145	3822	1	 1.869751934e-04 3.742827139e-08
3145	3911	1	 3.221830903e-03 1.111315249e-05
