1446	2380	1	 1.928778103e-03 3.982871747e-06
1567	2340	1	 2.100681412e-03 4.724459963e-06
1583	2340	1	 3.574861333e-03 1.368201898e-05
1616	2297	1	 1.469027797e-03 2.310424680e-06
1616	2300	1	 3.382322424e-03 1.224790467e-05
1616	2302	1	 1.324011184e-03 1.876787468e-06
1616	2308	1	 3.007030825e-03 9.680717521e-06
1618	2308	1	 1.418743886e-03 2.154962880e-06
1618	2309	1	 3.363251329e-03 1.211017538e-05
1618	2311	1	 1.594383722e-03 2.721557357e-06
1618	2312	1	 2.514471422e-03 6.769010625e-06
1618	2313	1	 1.791436372e-03 3.435852907e-06
1619	2297	1	 1.970041185e-03 4.155108787e-06
1619	2298	1	 1.233795711e-03 1.629739907e-06
1619	2308	1	 2.408444889e-04 6.210194666e-08
1619	2309	1	 6.736894426e-04 4.859048913e-07
1619	2310	1	 1.522727045e-03 2.482423708e-06
1619	2311	1	 7.844453214e-04 6.588053874e-07
1619	2312	1	 3.887290978e-04 1.617803939e-07
1619	2313	1	 1.998907498e-04 4.277767549e-08
1620	2302	1	 2.775963921e-03 8.250103985e-06
1621	2302	1	 1.540711629e-03 2.541408681e-06
1621	2304	1	 2.568935420e-03 7.065422893e-06
1623	2301	1	 1.910822409e-03 3.909060928e-06
1623	2302	1	 5.546348444e-04 3.293412187e-07
1623	2304	1	 6.850350251e-04 5.024089204e-07
1623	2306	1	 2.497859251e-03 6.679865437e-06
1625	2302	1	 1.170540429e-03 1.466913902e-06
1625	2304	1	 5.460478556e-04 3.192222832e-07
1625	2306	1	 1.512843763e-03 2.450303869e-06
1625	2307	1	 2.480114174e-03 6.585293508e-06
1626	2304	1	 1.876237609e-03 3.768837931e-06
1628	2311	1	 1.745326536e-03 3.261258104e-06
1629	2310	1	 3.137510199e-03 1.053906493e-05
1629	2311	1	 9.090755239e-04 8.847727075e-07
1629	2312	1	 2.468412983e-03 6.523301201e-06
1630	2311	1	 1.200128656e-03 1.542010742e-06
1634	2312	1	 2.756744072e-03 8.136257530e-06
1635	2310	1	 2.442939864e-03 6.389359735e-06
1635	2311	1	 5.899856550e-04 3.726616412e-07
1635	2316	1	 3.621100999e-03 1.403825297e-05
1636	2311	1	 2.576591994e-03 7.107601886e-06
1637	2323	1	 1.440462776e-03 2.221446546e-06
1637	2324	1	 3.745639761e-03 1.502047964e-05
1637	2326	1	 1.422754124e-03 2.167162585e-06
1637	2327	1	 3.367833509e-03 1.214319629e-05
1638	2316	1	 1.555369862e-03 2.589996317e-06
1638	2317	1	 1.109634902e-03 1.318232470e-06
1638	2323	1	 2.127908328e-04 4.847720991e-08
1638	2324	1	 7.340305172e-04 5.768461783e-07
1638	2325	1	 1.403978274e-03 2.110340641e-06
1638	2326	1	 6.094585586e-04 3.976675450e-07
1638	2327	1	 5.733730362e-04 3.519705438e-07
1639	2311	1	 1.963495536e-03 4.127543170e-06
1639	2316	1	 2.818119212e-03 8.502575737e-06
1639	2320	1	 2.781773534e-03 8.284672202e-06
1640	2311	1	 3.623809746e-03 1.405926332e-05
1641	2323	1	 3.684823819e-03 1.453668045e-05
1641	2326	1	 2.681527594e-03 7.698326539e-06
1642	2320	1	 2.540087972e-03 6.907633763e-06
1643	2326	1	 1.367388355e-03 2.001776293e-06
1644	2325	1	 2.696135372e-03 7.782429160e-06
1644	2326	1	 4.697313845e-04 2.362277665e-07
1644	2327	1	 3.078773070e-03 1.014815627e-05
1645	2326	1	 8.318780371e-04 7.408855158e-07
1647	2326	1	 3.016112579e-03 9.739280711e-06
1648	2325	1	 2.065727832e-03 4.568545869e-06
1648	2326	1	 2.731671060e-04 7.988929547e-08
1648	2329	1	 3.191567250e-03 1.090535450e-05
1649	2326	1	 1.920108419e-03 3.947146915e-06
1650	2326	1	 3.130878867e-03 1.049456201e-05
1650	2329	1	 2.666878228e-03 7.614443340e-06
1650	2333	1	 2.008357111e-03 4.318308494e-06
1650	2336	1	 3.749983658e-03 1.505533896e-05
1651	2325	1	 3.179388833e-03 1.082228775e-05
1651	2326	1	 1.352347314e-03 1.957980100e-06
1651	2328	1	 2.417505919e-03 6.257010446e-06
1651	2329	1	 4.560775655e-04 2.226943544e-07
1651	2330	1	 8.163671195e-04 7.135144892e-07
1651	2332	1	 1.705428265e-03 3.113857262e-06
1651	2333	1	 2.557510546e-04 7.002718266e-08
1651	2334	1	 1.831788585e-03 3.592381776e-06
1651	2335	1	 3.282916035e-03 1.153855270e-05
1651	2336	1	 1.549332279e-03 2.569927823e-06
1651	2337	1	 2.918714420e-03 9.120423298e-06
1651	2338	1	 2.901792813e-03 9.014976297e-06
1652	2326	1	 3.249304914e-03 1.130349437e-05
1653	2336	1	 3.126778537e-03 1.046709178e-05
1654	2333	1	 3.212043098e-03 1.104573235e-05
1654	2335	1	 3.306482903e-03 1.170480952e-05
1654	2336	1	 7.105935565e-04 5.405978547e-07
1654	2338	1	 1.153044165e-03 1.423389220e-06
1654	2340	1	 1.592646753e-03 2.715630695e-06
1655	2336	1	 8.574777985e-04 7.871863528e-07
1655	2338	1	 3.697372923e-03 1.463586182e-05
1657	2336	1	 3.030564403e-03 9.832836621e-06
1657	2338	1	 8.352783891e-04 7.469547239e-07
1657	2339	1	 3.080083546e-03 1.015679721e-05
1657	2340	1	 4.407923722e-04 2.080175269e-07
1658	2340	1	 2.709101342e-03 7.857462021e-06
1659	2340	1	 3.356824164e-03 1.206393457e-05
1661	2335	1	 1.692192192e-03 3.065710642e-06
1661	2336	1	 1.970487118e-04 4.156990075e-08
1661	2338	1	 2.539932849e-03 6.906790096e-06
1661	2339	1	 3.403981930e-03 1.240527167e-05
1662	2336	1	 1.192148990e-03 1.521573226e-06
1663	2336	1	 1.838570271e-03 3.619030595e-06
1663	2342	1	 2.396429015e-03 6.148383185e-06
1663	2349	1	 2.145768265e-03 4.929438169e-06
1664	2335	1	 2.119373307e-03 4.808910653e-06
1664	2336	1	 8.094467969e-04 7.014688747e-07
1664	2339	1	 2.927170784e-03 9.173348890e-06
1664	2341	1	 1.754138829e-03 3.294273950e-06
1664	2342	1	 3.598587313e-04 1.386423390e-07
1664	2343	1	 7.788914392e-04 6.495097112e-07
1664	2345	1	 1.639609402e-03 2.878144457e-06
1664	2349	1	 2.778244803e-04 8.263667014e-08
1664	2350	1	 2.149978142e-03 4.948799706e-06
1664	2351	1	 3.395510239e-03 1.234360104e-05
1665	2336	1	 1.822298033e-03 3.555253730e-06
1666	2335	1	 2.769368242e-03 8.210946130e-06
1666	2336	1	 5.505875086e-04 3.245521542e-07
1666	2342	1	 2.662955928e-03 7.592061992e-06
1666	2345	1	 2.022888042e-03 4.381022485e-06
1666	2348	1	 1.844815447e-03 3.643658286e-06
1667	2336	1	 1.926883135e-03 3.975049481e-06
1667	2342	1	 2.364315366e-03 5.984702927e-06
1667	2345	1	 7.407417514e-04 5.874425979e-07
1667	2346	1	 1.757914224e-03 3.308469599e-06
1667	2348	1	 6.345648333e-04 4.311057234e-07
1668	2336	1	 2.003141581e-03 4.295909067e-06
1670	2349	1	 2.874032257e-03 8.843314372e-06
1670	2351	1	 3.144100435e-03 1.058338534e-05
1670	2352	1	 1.743612741e-03 3.254856571e-06
1671	2352	1	 2.130024297e-03 4.857366830e-06
1673	2352	1	 3.258823904e-03 1.136981961e-05
1674	2339	1	 2.495064791e-03 6.664927706e-06
1674	2353	1	 2.825306487e-03 8.546000639e-06
1675	2352	1	 2.321811910e-03 5.771462219e-06
1675	2356	1	 3.514224256e-03 1.322180451e-05
1677	2356	1	 3.279680643e-03 1.151582088e-05
1677	2362	1	 1.825061833e-03 3.566046103e-06
1678	2351	1	 2.906337256e-03 9.043234777e-06
1678	2352	1	 8.815657104e-04 8.320341781e-07
1678	2355	1	 2.950499916e-03 9.320152122e-06
1678	2356	1	 7.797050989e-04 6.508674252e-07
1678	2357	1	 9.395417142e-04 9.450698785e-07
1678	2362	1	 2.683003723e-04 7.706804427e-08
1678	2363	1	 1.440150489e-03 2.220483449e-06
1678	2364	1	 3.866876091e-03 1.600856116e-05
1678	2365	1	 2.570563355e-03 7.074380451e-06
1678	2366	1	 1.202794945e-03 1.548870028e-06
1678	2367	1	 3.816195336e-03 1.559168243e-05
1679	2356	1	 3.206312639e-03 1.100635513e-05
1680	2355	1	 1.861808758e-03 3.711093748e-06
1680	2356	1	 7.786292099e-04 6.490724440e-07
1680	2359	1	 1.154664742e-03 1.427393113e-06
1681	2349	1	 3.724251320e-03 1.484942880e-05
1681	2351	1	 2.270069789e-03 5.517091743e-06
1681	2352	1	 2.335676645e-03 5.840596770e-06
1681	2355	1	 1.898619865e-03 3.859293685e-06
1681	2356	1	 1.700803637e-03 3.096992401e-06
1683	2362	1	 3.889404715e-03 1.619563798e-05
1683	2365	1	 2.311789122e-03 5.721741320e-06
1683	2366	1	 2.295175780e-03 5.639799858e-06
1684	2365	1	 1.589813474e-03 2.705977210e-06
1687	2366	1	 2.542807969e-03 6.922435461e-06
1688	2366	1	 2.197997750e-03 5.172330587e-06
1688	2367	1	 3.090612843e-03 1.022635813e-05
1690	2352	1	 3.129799040e-03 1.048732420e-05
1690	2366	1	 3.154539236e-03 1.065377829e-05
1690	2367	1	 2.189407568e-03 5.131980739e-06
1690	2368	1	 2.656593690e-03 7.555827965e-06
1690	2369	1	 3.505087701e-03 1.315314372e-05
1691	2369	1	 2.630704896e-03 7.409280794e-06
1692	2367	1	 2.563825957e-03 7.037345412e-06
1692	2369	1	 2.160275054e-03 4.996315894e-06
1692	2371	1	 3.095528289e-03 1.025891289e-05
1693	2369	1	 2.857487370e-03 8.741791152e-06
1693	2371	1	 2.142210922e-03 4.913107266e-06
1693	2372	1	 2.649505283e-03 7.515560362e-06
1694	2364	1	 1.973111290e-03 4.168069490e-06
1694	2365	1	 6.492019756e-04 4.512232333e-07
1694	2366	1	 3.590518338e-03 1.380212912e-05
1695	2365	1	 1.551498615e-03 2.577119591e-06
1696	2380	1	 1.657497188e-03 2.941286897e-06
1697	2365	1	 3.440838461e-03 1.267536154e-05
1697	2374	1	 3.431340310e-03 1.260547955e-05
1697	2375	1	 1.144651484e-03 1.402743738e-06
1697	2376	1	 9.512135357e-04 9.686967240e-07
1697	2380	1	 2.254672730e-04 5.442504691e-08
1698	2364	1	 2.577789050e-03 7.114207645e-06
1698	2365	1	 5.638700808e-04 3.404002657e-07
1698	2375	1	 1.815169202e-03 3.527491826e-06
1698	2379	1	 2.210306566e-03 5.230423030e-06
1699	2365	1	 3.140556576e-03 1.055954075e-05
2126	2376	1	 1.088968118e-03 1.269585980e-06
2126	2377	1	 4.516393670e-04 2.183812602e-07
2126	2380	1	 6.672392926e-04 4.766449699e-07
2127	2377	1	 2.906884311e-03 9.046639484e-06
2127	2380	1	 1.790592962e-03 3.432618464e-06
2131	2376	1	 2.196189828e-03 5.163825278e-06
2131	2377	1	 1.622311242e-03 2.817734979e-06
2131	2380	1	 1.761922515e-03 3.323574348e-06
2132	2375	1	 2.896772534e-03 8.983810362e-06
2132	2376	1	 6.711121610e-04 4.821942251e-07
2132	2377	1	 9.925448861e-04 1.054707659e-06
2132	2380	1	 3.622568718e-04 1.404963536e-07
2133	2377	1	 2.566176750e-03 7.050256531e-06
2134	2375	1	 1.157153738e-03 1.433553525e-06
2134	2376	1	 5.418297206e-04 3.143094470e-07
2134	2377	1	 1.082820620e-03 1.255292178e-06
2134	2378	1	 1.840026263e-03 3.624764795e-06
2134	2379	1	 1.284616824e-03 1.766765861e-06
2134	2380	1	 5.270293824e-04 2.973729384e-07
2135	2377	1	 2.726577735e-03 7.959165875e-06
2135	2379	1	 3.085540301e-03 1.019281717e-05
2136	2375	1	 2.272743947e-03 5.530097740e-06
2136	2376	1	 1.605520027e-03 2.759708698e-06
2136	2377	1	 1.837570006e-03 3.615093835e-06
2136	2378	1	 1.587069378e-03 2.696643974e-06
2136	2379	1	 7.203942916e-04 5.556128909e-07
2136	2380	1	 2.702338834e-03 7.818283103e-06
2137	2375	1	 2.634091126e-03 7.428367447e-06
2137	2376	1	 3.731828477e-03 1.490991393e-05
2137	2378	1	 1.180898127e-03 1.492989163e-06
2137	2379	1	 2.018847438e-04 4.363538277e-08
2215	2369	1	 1.243667896e-03 1.655924895e-06
2215	2371	1	 8.418420465e-04 7.587400590e-07
2216	2369	1	 7.834578436e-04 6.571477926e-07
2216	2371	1	 1.043127807e-03 1.164948786e-06
2217	2369	1	 2.029237386e-03 4.408567531e-06
2217	2371	1	 2.106495092e-03 4.750646230e-06
2218	2366	1	 3.689995336e-03 1.457751249e-05
2218	2367	1	 3.106850912e-03 1.033409892e-05
2218	2369	1	 7.232551920e-04 5.600346623e-07
2218	2371	1	 2.086490081e-03 4.660842600e-06
2220	2369	1	 1.813786241e-03 3.522118747e-06
2220	2380	1	 3.596888447e-03 1.385114659e-05
2221	2369	1	 3.797241092e-03 1.543718582e-05
2221	2380	1	 2.898976711e-03 8.997487266e-06
2222	2376	1	 3.778014895e-03 1.528125839e-05
2222	2380	1	 8.038772044e-04 6.918488363e-07
2225	2373	1	 3.522709510e-03 1.328573089e-05
2226	2372	1	 3.173787771e-03 1.078419054e-05
2226	2373	1	 7.335828699e-04 5.761428156e-07
2235	2353	1	 2.531029559e-03 6.858453874e-06
2235	2370	1	 1.565113476e-03 2.622548022e-06
2235	2372	1	 1.418135935e-03 2.153116415e-06
2235	2373	1	 8.875642792e-04 8.433957698e-07
2236	2353	1	 3.299600524e-03 1.165613357e-05
2236	2354	1	 2.582878922e-03 7.142329535e-06
2237	2351	1	 3.834858982e-03 1.574456204e-05
2237	2352	1	 1.047319573e-03 1.174330194e-06
2237	2353	1	 6.592746932e-04 4.653337992e-07
2237	2354	1	 2.383263909e-03 6.081014797e-06
2237	2368	1	 1.682938299e-03 3.032272138e-06
2237	2370	1	 6.878170053e-04 5.064978493e-07
2237	2372	1	 1.336324698e-03 1.911858641e-06
2237	2373	1	 1.894994815e-03 3.844570591e-06
2245	2340	1	 3.642407660e-03 1.420394196e-05
2246	2340	1	 3.166812261e-03 1.073683857e-05
2247	2337	1	 3.068743515e-03 1.008214574e-05
2247	2338	1	 1.812693251e-03 3.517875159e-06
2247	2339	1	 1.138549738e-03 1.387828503e-06
2247	2340	1	 6.733541147e-04 4.854212948e-07
2260	2327	1	 1.105295528e-03 1.307942384e-06
2261	2327	1	 3.779822477e-03 1.529588445e-05
2261	2340	1	 2.664146483e-03 7.598852031e-06
2262	2325	1	 2.678349054e-03 7.680086981e-06
2262	2326	1	 1.821921289e-03 3.553783846e-06
2262	2327	1	 2.256617138e-03 5.451895863e-06
2262	2340	1	 3.121179303e-03 1.042963775e-05
2263	2337	1	 1.160357329e-03 1.441502126e-06
2263	2338	1	 2.319540252e-03 5.760174162e-06
2263	2340	1	 6.391470619e-04 4.373542805e-07
2271	2314	1	 1.429928244e-03 2.189073162e-06
2272	2314	1	 1.808987695e-03 3.503507190e-06
2274	2312	1	 2.424951566e-03 6.295611579e-06
2274	2314	1	 8.374064980e-04 7.507657310e-07
2274	2327	1	 1.919142774e-03 3.943177779e-06
2275	2327	1	 1.020522010e-03 1.115004292e-06
2276	2327	1	 1.152658000e-03 1.422435969e-06
2277	2312	1	 3.112823012e-03 1.037386625e-05
2277	2313	1	 3.770910438e-03 1.522384042e-05
2277	2314	1	 8.337516843e-04 7.442266819e-07
2278	2314	1	 3.214139284e-03 1.106015399e-05
2279	2312	1	 2.598878101e-03 7.231087338e-06
2279	2313	1	 9.212255842e-04 9.085812475e-07
2279	2314	1	 1.901614260e-03 3.871476599e-06
2280	2312	1	 7.094642905e-04 5.388809979e-07
2280	2313	1	 1.641109114e-04 2.883412005e-08
2280	2314	1	 4.445996771e-04 2.116265118e-07
2289	2313	1	 2.158091382e-03 4.986220142e-06
2290	2313	1	 1.626479617e-03 2.832233385e-06
2293	2313	1	 8.945456416e-04 8.567158384e-07
2294	2308	1	 3.363946804e-03 1.211518434e-05
2294	2312	1	 2.258947308e-03 5.463160872e-06
2294	2313	1	 2.430304095e-04 6.323434508e-08
2296	2973	1	 3.164117627e-03 1.071857443e-05
2296	2974	1	 6.313868179e-04 4.267984255e-07
2296	2977	1	 1.469489548e-03 2.311877353e-06
2296	2980	1	 3.378558213e-03 1.222065828e-05
2296	2982	1	 1.324742125e-03 1.878860261e-06
2296	2988	1	 3.004114078e-03 9.661946505e-06
2297	2974	1	 1.766793294e-03 3.341975580e-06
2298	2973	1	 2.335845872e-03 5.841443139e-06
2298	2974	1	 9.334654169e-04 9.328853077e-07
2298	2988	1	 1.419920613e-03 2.158539078e-06
2298	2989	1	 3.366756851e-03 1.213543344e-05
2298	2991	1	 1.593531275e-03 2.718647938e-06
2298	2992	1	 2.519373336e-03 6.795428466e-06
2298	2993	1	 1.795694187e-03 3.452204712e-06
2299	2973	1	 1.068990938e-03 1.223431999e-06
2299	2974	1	 2.569271716e-04 7.067272864e-08
2299	2977	1	 1.969296555e-03 4.151968310e-06
2299	2978	1	 1.234543688e-03 1.631716534e-06
2299	2988	1	 2.407306204e-04 6.204323835e-08
2299	2989	1	 6.741227616e-04 4.865301632e-07
2299	2990	1	 1.520629132e-03 2.475588180e-06
2299	2991	1	 7.826947494e-04 6.558682817e-07
2299	2992	1	 3.896312127e-04 1.625321454e-07
2299	2993	1	 2.006518689e-04 4.310406272e-08
2300	2982	1	 2.781879422e-03 8.285302928e-06
2301	2982	1	 1.544173393e-03 2.552841890e-06
2301	2984	1	 2.572626335e-03 7.085739954e-06
2303	2981	1	 1.914743951e-03 3.925122362e-06
2303	2982	1	 5.566182061e-04 3.317008637e-07
2303	2984	1	 6.871296863e-04 5.054860928e-07
2303	2986	1	 2.502121343e-03 6.702680570e-06
2305	2549	1	 3.717614366e-03 1.479654990e-05
2305	2982	1	 1.172160536e-03 1.470977327e-06
2305	2984	1	 5.470095446e-04 3.203476897e-07
2305	2986	1	 1.513152052e-03 2.451302624e-06
2305	2987	1	 2.476846341e-03 6.567951196e-06
2306	2549	1	 2.587931615e-03 7.170300879e-06
2306	2984	1	 1.877032261e-03 3.772031073e-06
2307	2548	1	 3.352591384e-03 1.203352978e-05
2307	2549	1	 4.165536229e-04 1.857691610e-07
2308	2991	1	 1.744810357e-03 3.259329359e-06
2309	2990	1	 3.139042372e-03 1.054936075e-05
2309	2991	1	 9.089621665e-04 8.845520674e-07
2309	2992	1	 2.473196555e-03 6.548608894e-06
2310	2991	1	 1.201183809e-03 1.544723407e-06
2313	2973	1	 7.789062172e-04 6.495343579e-07
2313	2974	1	 1.941082950e-03 4.033852160e-06
2314	2951	1	 2.897738942e-03 8.989805634e-06
2314	2952	1	 1.230219087e-03 1.620304767e-06
2314	2953	1	 7.207648925e-04 5.561846988e-07
2314	2954	1	 9.903757037e-04 1.050102622e-06
2314	2955	1	 1.345015805e-03 1.936807968e-06
2314	2957	1	 2.729830682e-03 7.978168586e-06
2314	2992	1	 2.755272193e-03 8.127571640e-06
2315	2955	1	 3.664774714e-03 1.437892281e-05
2315	2990	1	 2.444046594e-03 6.395150217e-06
2315	2991	1	 5.898266875e-04 3.724608461e-07
2315	2996	1	 3.615343225e-03 1.399364509e-05
2316	2991	1	 2.579980675e-03 7.126309723e-06
2317	2955	1	 2.094042480e-03 4.694645058e-06
2317	3003	1	 1.439032328e-03 2.217036734e-06
2317	3004	1	 3.743145013e-03 1.500047780e-05
2317	3006	1	 1.418827644e-03 2.155217330e-06
2317	3007	1	 3.368987811e-03 1.215152171e-05
2318	2954	1	 1.741960386e-03 3.248690487e-06
2318	2955	1	 6.220195849e-04 4.142284330e-07
2318	2956	1	 3.489017322e-03 1.303280925e-05
2318	2996	1	 1.554410192e-03 2.586801227e-06
2318	2997	1	 1.108609392e-03 1.315797009e-06
2318	3003	1	 2.122718421e-04 4.824102926e-08
2318	3004	1	 7.332500929e-04 5.756202200e-07
2318	3005	1	 1.399261928e-03 2.096186036e-06
2318	3006	1	 6.075687055e-04 3.952051362e-07
2318	3007	1	 5.739807985e-04 3.527171006e-07
2319	2991	1	 1.967403275e-03 4.143988752e-06
2319	2996	1	 2.820555587e-03 8.517283716e-06
2319	3000	1	 2.780348445e-03 8.276185983e-06
2320	2991	1	 3.635042317e-03 1.414655622e-05
2321	3003	1	 3.688868290e-03 1.456860894e-05
2321	3006	1	 2.681655633e-03 7.699061721e-06
2322	3000	1	 2.545601941e-03 6.937656204e-06
2323	3006	1	 1.364902926e-03 1.994505864e-06
2324	2942	1	 3.123108957e-03 1.044253789e-05
2324	3005	1	 2.691733566e-03 7.757038163e-06
2324	3006	1	 4.686256344e-04 2.351169128e-07
2324	3007	1	 3.081840463e-03 1.016838763e-05
2325	2942	1	 3.699770457e-03 1.465484901e-05
2325	3006	1	 8.315501187e-04 7.403015309e-07
2327	2942	1	 2.642031799e-03 7.473221741e-06
2327	2955	1	 2.549498086e-03 6.958909176e-06
2327	2956	1	 3.722790233e-03 1.483777973e-05
2327	3006	1	 3.008317954e-03 9.689006761e-06
2328	2942	1	 1.929181341e-03 3.984537268e-06
2328	3005	1	 2.067984762e-03 4.578534136e-06
2328	3006	1	 2.734984496e-04 8.008321965e-08
2328	3009	1	 3.186177163e-03 1.086855053e-05
2329	3006	1	 1.923338456e-03 3.960437991e-06
2330	2942	1	 3.051248777e-03 9.967517904e-06
2330	3006	1	 3.137009894e-03 1.053570409e-05
2330	3009	1	 2.668601462e-03 7.624286838e-06
2330	3013	1	 2.007031364e-03 4.312609213e-06
2330	3016	1	 3.742058784e-03 1.499177304e-05
2331	2942	1	 1.539416626e-03 2.537138253e-06
2331	3005	1	 3.189248904e-03 1.088951701e-05
2331	3006	1	 1.356019046e-03 1.968626681e-06
2331	3008	1	 2.421507825e-03 6.277743130e-06
2331	3009	1	 4.566080318e-04 2.232126897e-07
2331	3010	1	 8.161071143e-04 7.130600663e-07
2331	3012	1	 1.703787510e-03 3.107868595e-06
2331	3013	1	 2.553477295e-04 6.980648799e-08
2331	3014	1	 1.829538118e-03 3.583560265e-06
2331	3015	1	 3.273431240e-03 1.147197609e-05
2331	3016	1	 1.544522933e-03 2.553997747e-06
2331	3017	1	 2.918859409e-03 9.121329447e-06
2331	3018	1	 2.901703317e-03 9.014420234e-06
2332	3006	1	 3.257444791e-03 1.136019838e-05
2333	3016	1	 3.120603196e-03 1.042578790e-05
2334	3013	1	 3.212456587e-03 1.104857638e-05
2334	3015	1	 3.302955341e-03 1.167984801e-05
2334	3016	1	 7.094222625e-04 5.388171542e-07
2334	3018	1	 1.154254653e-03 1.426379392e-06
2334	3020	1	 1.595865430e-03 2.726618153e-06
2335	3016	1	 8.570234779e-04 7.863524182e-07
2335	3018	1	 3.704782071e-03 1.469457806e-05
2337	3016	1	 3.023683142e-03 9.788234040e-06
2337	3018	1	 8.350606167e-04 7.465652850e-07
2337	3019	1	 3.081160287e-03 1.016389971e-05
2337	3020	1	 4.420724207e-04 2.092274351e-07
2338	3020	1	 2.719032493e-03 7.915176120e-06
2339	3020	1	 3.369156768e-03 1.215274056e-05
2341	3015	1	 1.693906197e-03 3.071924243e-06
2341	3016	1	 1.972417172e-04 4.165137448e-08
2341	3018	1	 2.548173021e-03 6.951677466e-06
2341	3019	1	 3.411707529e-03 1.246164501e-05
2342	3016	1	 1.195817982e-03 1.530953314e-06
2343	3016	1	 1.843842317e-03 3.639815279e-06
2343	3022	1	 2.400572461e-03 6.169662779e-06
2343	3029	1	 2.150871583e-03 4.952913590e-06
2344	3015	1	 2.127159943e-03 4.844311708e-06
2344	3016	1	 8.119835041e-04 7.058723990e-07
2344	3019	1	 2.934783630e-03 9.221126156e-06
2344	3021	1	 1.759553922e-03 3.314644441e-06
2344	3022	1	 3.608577672e-04 1.394132023e-07
2344	3023	1	 7.816178888e-04 6.540647871e-07
2344	3025	1	 1.641077219e-03 2.883299930e-06
2344	3029	1	 2.786188424e-04 8.310989902e-08
2344	3030	1	 2.150961561e-03 4.953327993e-06
2344	3031	1	 3.390782681e-03 1.230925306e-05
2345	3016	1	 1.827491973e-03 3.575549080e-06
2346	3015	1	 2.775100624e-03 8.244973381e-06
2346	3016	1	 5.521838937e-04 3.264369094e-07
2346	3022	1	 2.662494024e-03 7.589428452e-06
2346	3025	1	 2.021001489e-03 4.372854777e-06
2346	3028	1	 1.846489822e-03 3.650275337e-06
2347	3016	1	 1.931672704e-03 3.994835251e-06
2347	3022	1	 2.367338358e-03 6.000016681e-06
2347	3025	1	 7.411822027e-04 5.881414023e-07
2347	3026	1	 1.759408055e-03 3.314094893e-06
2347	3028	1	 6.359850807e-04 4.330376362e-07
2348	3016	1	 2.007745469e-03 4.315678624e-06
2350	3029	1	 2.879694232e-03 8.878192160e-06
2350	3031	1	 3.139294872e-03 1.055105797e-05
2350	3032	1	 1.740380469e-03 3.242800187e-06
2351	3032	1	 2.129869016e-03 4.856658641e-06
2353	2917	1	 2.163360209e-03 5.010596867e-06
2353	3032	1	 3.251013734e-03 1.131538659e-05
2354	2916	1	 1.835444950e-03 3.606737326e-06
2354	2917	1	 2.258725719e-03 5.462089117e-06
2354	3019	1	 2.504090031e-03 6.713232158e-06
2354	3033	1	 2.821473831e-03 8.522830292e-06
2355	3032	1	 2.323895157e-03 5.781823760e-06
2355	3036	1	 3.510473001e-03 1.319359238e-05
2357	3036	1	 3.281142088e-03 1.152608620e-05
2357	3042	1	 1.823624517e-03 3.560431481e-06
2358	3031	1	 2.911671836e-03 9.076462945e-06
2358	3032	1	 8.835792231e-04 8.358392822e-07
2358	3035	1	 2.954021537e-03 9.342413861e-06
2358	3036	1	 7.798620616e-04 6.511295042e-07
2358	3037	1	 9.393686849e-04 9.447218157e-07
2358	3042	1	 2.679395755e-04 7.686090923e-08
2358	3043	1	 1.438804494e-03 2.216334766e-06
2358	3044	1	 3.862684174e-03 1.597387156e-05
2358	3045	1	 2.564579014e-03 7.041480093e-06
2358	3046	1	 1.202310111e-03 1.547621614e-06
2358	3047	1	 3.817036630e-03 1.559855768e-05
2359	3036	1	 3.208548104e-03 1.102170791e-05
2360	3035	1	 1.868309075e-03 3.737052806e-06
2360	3036	1	 7.800874859e-04 6.515059851e-07
2360	3039	1	 1.154865852e-03 1.427890379e-06
2361	3029	1	 3.739826949e-03 1.497389562e-05
2361	3031	1	 2.275058631e-03 5.541367771e-06
2361	3032	1	 2.341042206e-03 5.867461852e-06
2361	3035	1	 1.901147361e-03 3.869575725e-06
2361	3036	1	 1.700839787e-03 3.097124050e-06
2363	3042	1	 3.890276885e-03 1.620290230e-05
2363	3045	1	 2.306366792e-03 5.694931966e-06
2363	3046	1	 2.297337081e-03 5.650426535e-06
2364	3045	1	 1.588451488e-03 2.701342799e-06
2367	3046	1	 2.539505213e-03 6.904464563e-06
2368	3046	1	 2.193005563e-03 5.148862029e-06
2368	3047	1	 3.087709408e-03 1.020715312e-05
2369	2895	1	 3.178701927e-03 1.081761194e-05
2369	2896	1	 3.501323094e-03 1.312490487e-05
2369	2898	1	 9.243868182e-04 9.148276351e-07
2369	2900	1	 3.219667427e-03 1.109823242e-05
2370	2915	1	 3.776145803e-03 1.526614198e-05
2370	2917	1	 7.521245991e-04 6.056355696e-07
2370	3032	1	 3.128988834e-03 1.048189523e-05
2370	3046	1	 3.145936579e-03 1.059575028e-05
2370	3047	1	 2.185241211e-03 5.112467402e-06
2370	3048	1	 2.653387154e-03 7.537599052e-06
2370	3049	1	 3.503107886e-03 1.313828906e-05
2371	2892	1	 3.749032599e-03 1.504770336e-05
2371	2895	1	 6.607945987e-04 4.674818527e-07
2371	2896	1	 1.484424241e-03 2.359108217e-06
2371	2898	1	 6.933298766e-04 5.146495741e-07
2371	3049	1	 2.628857916e-03 7.398880550e-06
2372	2895	1	 1.471325175e-03 2.317656767e-06
2372	2898	1	 3.029924446e-03 9.828684310e-06
2372	2915	1	 3.103501001e-03 1.031182579e-05
2372	2917	1	 1.205404017e-03 1.555596855e-06
2372	3047	1	 2.556159895e-03 6.995323784e-06
2372	3049	1	 2.156627871e-03 4.979459619e-06
2372	3051	1	 3.093950510e-03 1.024845770e-05
2373	2892	1	 3.597275865e-03 1.385413055e-05
2373	2893	1	 2.009409531e-03 4.322835440e-06
2373	2894	1	 3.101363609e-03 1.029762710e-05
2373	2895	1	 9.420032610e-04 9.500284261e-07
2373	2903	1	 1.868597905e-03 3.738208349e-06
2373	2904	1	 3.074458519e-03 1.011973322e-05
2373	2905	1	 2.156768131e-03 4.980107335e-06
2373	2906	1	 3.304302345e-03 1.168937645e-05
2373	2910	1	 2.488314705e-03 6.628914229e-06
2373	2914	1	 1.630406521e-03 2.845925946e-06
2373	2915	1	 5.996561718e-04 3.849784357e-07
2373	2917	1	 4.197242245e-04 1.886078909e-07
2373	3049	1	 2.850729905e-03 8.700494384e-06
2373	3051	1	 2.138117037e-03 4.894346766e-06
2373	3052	1	 2.645770121e-03 7.494385055e-06
2374	3044	1	 1.973738951e-03 4.170721698e-06
2374	3045	1	 6.489592623e-04 4.508859041e-07
2374	3046	1	 3.600175557e-03 1.387647462e-05
2375	3045	1	 1.554427683e-03 2.586859441e-06
2376	2814	1	 2.561178565e-03 7.022819470e-06
2376	3060	1	 1.657456440e-03 2.941142280e-06
2377	2812	1	 7.097629775e-04 5.393348350e-07
2377	2814	1	 4.199707492e-04 1.888295133e-07
2377	2816	1	 3.198124818e-03 1.095021401e-05
2377	3045	1	 3.445175443e-03 1.270733483e-05
2377	3054	1	 3.437499579e-03 1.265077393e-05
2377	3055	1	 1.145627488e-03 1.405136899e-06
2377	3056	1	 9.516550697e-04 9.695962314e-07
2377	3060	1	 2.256251841e-04 5.450130924e-08
2378	2814	1	 2.744515104e-03 8.064232459e-06
2378	3044	1	 2.585448729e-03 7.156548972e-06
2378	3045	1	 5.663411262e-04 3.433902722e-07
2378	3055	1	 1.816742420e-03 3.533609074e-06
2378	3059	1	 2.208853096e-03 5.223546367e-06
2379	2477	1	 9.669036291e-04 1.000917237e-06
2379	3045	1	 3.149055915e-03 1.061677300e-05
