1737	2510	1	 1.143437794e-03 1.399770618e-06
1753	2510	1	 2.622464698e-03 7.362937079e-06
1786	2467	1	 1.386969684e-03 2.059518631e-06
1786	2470	1	 2.273153158e-03 5.532089327e-06
1786	2471	1	 2.194559772e-03 5.156162736e-06
1786	2472	1	 5.249018917e-04 2.949769383e-07
1786	2474	1	 1.991242662e-03 4.245024141e-06
1786	2478	1	 3.858397374e-03 1.593843569e-05
1787	2472	1	 2.773996250e-03 8.238412381e-06
1788	2478	1	 1.455417185e-03 2.267810623e-06
1788	2481	1	 1.511977402e-03 2.447498239e-06
1789	2467	1	 1.160061528e-03 1.440767277e-06
1789	2468	1	 9.695118941e-04 1.006324557e-06
1789	2470	1	 2.595412667e-03 7.211815829e-06
1789	2478	1	 1.813385699e-04 3.520563327e-08
1789	2479	1	 8.169617408e-04 7.145542798e-07
1789	2480	1	 1.454493710e-03 2.264933641e-06
1789	2481	1	 5.846945705e-04 3.660074367e-07
1789	2482	1	 8.973391371e-04 8.620749134e-07
1789	2483	1	 6.572507834e-04 4.624811248e-07
1790	2472	1	 2.115570168e-03 4.791667305e-06
1791	2472	1	 1.546314688e-03 2.559926816e-06
1791	2474	1	 1.973872264e-03 4.171285125e-06
1793	2471	1	 2.546534153e-03 6.942738346e-06
1793	2472	1	 9.063113333e-04 8.794002998e-07
1793	2474	1	 7.554786602e-04 6.110492152e-07
1793	2476	1	 1.934135137e-03 4.005026714e-06
1795	2472	1	 2.274878664e-03 5.540491116e-06
1795	2474	1	 8.888400607e-04 8.458221001e-07
1795	2476	1	 1.526136219e-03 2.493551753e-06
1795	2477	1	 1.910808073e-03 3.909002270e-06
1796	2474	1	 2.463773996e-03 6.498805241e-06
1798	2481	1	 1.541333004e-03 2.543459014e-06
1799	2480	1	 2.590304581e-03 7.183456315e-06
1799	2481	1	 5.311000762e-04 3.019844046e-07
1799	2482	1	 3.463518797e-03 1.284301192e-05
1800	2481	1	 9.452593499e-04 9.566074336e-07
1802	2481	1	 3.267496257e-03 1.143041465e-05
1804	2481	1	 2.952050099e-03 9.329948253e-06
1804	2482	1	 2.037783310e-03 4.445778174e-06
1805	2480	1	 2.321953938e-03 5.772168334e-06
1805	2481	1	 4.178793399e-04 1.869534947e-07
1805	2486	1	 3.085371592e-03 1.019170256e-05
1806	2481	1	 2.461503996e-03 6.486835400e-06
1807	2486	1	 3.734642023e-03 1.493240454e-05
1807	2493	1	 1.525084993e-03 2.490117743e-06
1807	2496	1	 1.561574735e-03 2.610702201e-06
1808	2481	1	 3.011884938e-03 9.711997030e-06
1808	2485	1	 3.842428351e-03 1.580677764e-05
1808	2486	1	 9.194083199e-04 9.050001405e-07
1808	2487	1	 9.036819757e-04 8.743051331e-07
1808	2489	1	 3.858811939e-03 1.594186088e-05
1808	2491	1	 3.822629831e-03 1.564430510e-05
1808	2493	1	 1.751051284e-04 3.282687333e-08
1808	2494	1	 9.158231083e-04 8.979558474e-07
1808	2495	1	 1.376470954e-03 2.028457395e-06
1808	2496	1	 5.642854480e-04 3.409019528e-07
1808	2497	1	 1.280278904e-03 1.754853906e-06
1809	2481	1	 2.859412732e-03 8.753575480e-06
1809	2490	1	 2.053743045e-03 4.515688743e-06
1812	2490	1	 3.628859172e-03 1.409847104e-05
1813	2496	1	 1.394873149e-03 2.083057299e-06
1814	2495	1	 2.254379409e-03 5.441088699e-06
1814	2496	1	 3.188760364e-04 1.088618108e-07
1815	2496	1	 7.846811325e-04 6.592015323e-07
1817	2496	1	 1.606678456e-03 2.763692551e-06
1818	2495	1	 2.308877859e-03 5.707339483e-06
1818	2496	1	 3.172603919e-04 1.077614684e-07
1818	2499	1	 2.708096852e-03 7.851636266e-06
1819	2496	1	 2.468942722e-03 6.526101394e-06
1820	2496	1	 3.487834156e-03 1.302397160e-05
1820	2499	1	 2.356781721e-03 5.946624423e-06
1820	2502	1	 3.745627972e-03 1.502038509e-05
1820	2503	1	 2.181204627e-03 5.093597318e-06
1820	2506	1	 3.431755995e-03 1.260853388e-05
1821	2495	1	 3.585216118e-03 1.376139523e-05
1821	2496	1	 1.519423851e-03 2.471665334e-06
1821	2498	1	 2.465321519e-03 6.506971746e-06
1821	2499	1	 3.501545751e-04 1.312657421e-07
1821	2500	1	 7.916641190e-04 6.709863896e-07
1821	2502	1	 8.385635946e-04 7.528419238e-07
1821	2503	1	 2.882593338e-04 8.896077237e-08
1821	2504	1	 2.188701233e-03 5.128669968e-06
1821	2505	1	 3.123264120e-03 1.044357553e-05
1821	2506	1	 1.345709914e-03 1.938807502e-06
1823	2506	1	 2.653828820e-03 7.540108581e-06
1824	2503	1	 2.924512019e-03 9.156692055e-06
1824	2505	1	 2.703155810e-03 7.823011095e-06
1824	2506	1	 4.565419253e-04 2.231480621e-07
1824	2508	1	 2.124731667e-03 4.833257895e-06
1824	2510	1	 3.654075065e-03 1.429508418e-05
1825	2506	1	 8.036246866e-04 6.914142507e-07
1827	2506	1	 1.494524534e-03 2.391321043e-06
1827	2508	1	 9.971352615e-04 1.064485957e-06
1827	2509	1	 3.714035088e-03 1.476807171e-05
1827	2510	1	 8.739028158e-04 8.176323480e-07
1828	2510	1	 3.631896797e-03 1.412208386e-05
1831	2505	1	 1.963819645e-03 4.128905926e-06
1831	2506	1	 2.356177633e-04 5.943576346e-08
1831	2512	1	 3.341371833e-03 1.195312338e-05
1832	2506	1	 1.704554614e-03 3.110667768e-06
1833	2506	1	 2.246200899e-03 5.401681601e-06
1833	2512	1	 2.164327843e-03 5.015080177e-06
1833	2519	1	 2.514343167e-03 6.768320113e-06
1834	2505	1	 2.767044012e-03 8.197169618e-06
1834	2506	1	 1.082589190e-03 1.254755652e-06
1834	2511	1	 2.045418427e-03 4.479155254e-06
1834	2512	1	 3.117444440e-04 1.040469208e-07
1834	2513	1	 8.341740238e-04 7.449808536e-07
1834	2515	1	 8.670268741e-04 8.048165632e-07
1834	2519	1	 3.954179551e-04 1.673958008e-07
1834	2520	1	 2.913004720e-03 9.084774761e-06
1834	2521	1	 3.742425138e-03 1.499470863e-05
1835	2506	1	 3.680783416e-03 1.450481903e-05
1836	2506	1	 1.663021324e-03 2.960925115e-06
1836	2515	1	 2.313962060e-03 5.732502538e-06
1836	2518	1	 1.733931608e-03 3.218812763e-06
1837	2515	1	 1.446525067e-03 2.240184126e-06
1837	2516	1	 2.633716905e-03 7.426256925e-06
1837	2518	1	 1.008638660e-03 1.089188403e-06
1840	2519	1	 2.610719837e-03 7.297134074e-06
1840	2521	1	 2.685981684e-03 7.723922036e-06
1840	2522	1	 1.802960909e-03 3.480201655e-06
1841	2522	1	 2.685218983e-03 7.719536150e-06
1843	2522	1	 2.216512989e-03 5.259837767e-06
1844	2509	1	 2.980871593e-03 9.513018132e-06
1844	2519	1	 2.272945931e-03 5.531080730e-06
1844	2522	1	 3.587992586e-03 1.378271772e-05
1844	2523	1	 2.419767251e-03 6.268721519e-06
1845	2526	1	 2.968876409e-03 9.436610401e-06
1847	2526	1	 2.948669799e-03 9.308593620e-06
1847	2532	1	 1.941733868e-03 4.036558020e-06
1848	2522	1	 1.778896044e-03 3.387918282e-06
1848	2525	1	 2.934221631e-03 9.217594878e-06
1848	2526	1	 5.554514970e-04 3.303117865e-07
1848	2527	1	 8.588591786e-04 7.897246797e-07
1848	2529	1	 2.418864562e-03 6.264045327e-06
1848	2532	1	 2.435735924e-04 6.351732369e-08
1848	2533	1	 1.626519534e-03 2.832372404e-06
1848	2534	1	 3.276061788e-03 1.149042139e-05
1848	2535	1	 1.639299376e-03 2.877056128e-06
1848	2536	1	 2.097605427e-03 4.710634230e-06
1850	2525	1	 3.503440756e-03 1.314078602e-05
1850	2526	1	 1.370736533e-03 2.011591368e-06
1850	2529	1	 1.161726740e-03 1.444906549e-06
1851	2525	1	 2.543980659e-03 6.928821897e-06
1851	2526	1	 1.830439686e-03 3.587092980e-06
1851	2529	1	 2.897469764e-03 8.988135544e-06
1853	2532	1	 3.568245506e-03 1.363142450e-05
1853	2535	1	 1.343263300e-03 1.931764081e-06
1853	2536	1	 3.461313398e-03 1.282666153e-05
1854	2535	1	 1.280808908e-03 1.756307140e-06
1857	2536	1	 1.847191953e-03 3.653051911e-06
1858	2522	1	 3.891431920e-03 1.621252510e-05
1858	2532	1	 3.679376435e-03 1.449373221e-05
1858	2536	1	 1.560534853e-03 2.607226327e-06
1858	2537	1	 3.199840414e-03 1.096196538e-05
1859	2536	1	 2.198511670e-03 5.174749586e-06
1860	2522	1	 1.859936445e-03 3.703633439e-06
1860	2536	1	 1.644259306e-03 2.894492341e-06
1860	2537	1	 1.599863588e-03 2.740297386e-06
1860	2538	1	 1.988040794e-03 4.231383334e-06
1860	2539	1	 3.659299026e-03 1.433598665e-05
1861	2536	1	 2.307013285e-03 5.698125082e-06
1861	2537	1	 2.303851862e-03 5.682518895e-06
1861	2539	1	 1.974016204e-03 4.171893512e-06
1862	2536	1	 2.005150612e-03 4.304530469e-06
1862	2537	1	 1.308565005e-03 1.833252944e-06
1862	2538	1	 2.346886188e-03 5.896792500e-06
1862	2539	1	 1.594276673e-03 2.721191911e-06
1862	2541	1	 3.237006451e-03 1.121808994e-05
1863	2537	1	 1.866537201e-03 3.729967846e-06
1863	2538	1	 2.284719056e-03 5.588527542e-06
1863	2539	1	 1.516976788e-03 2.463710410e-06
1863	2540	1	 2.379854780e-03 6.063630123e-06
1863	2541	1	 1.582799512e-03 2.682153341e-06
1863	2542	1	 1.985321392e-03 4.219815199e-06
1864	2534	1	 2.069360270e-03 4.584626933e-06
1864	2535	1	 4.776175042e-04 2.442262030e-07
1865	2535	1	 1.726239684e-03 3.190318044e-06
1866	2550	1	 2.229392015e-03 5.321139815e-06
1867	2535	1	 3.616960885e-03 1.400617061e-05
1867	2545	1	 1.159899128e-03 1.440363912e-06
1867	2546	1	 1.173379445e-03 1.474038204e-06
1867	2549	1	 3.392063077e-03 1.231855102e-05
1867	2550	1	 4.680213551e-04 2.345109506e-07
1868	2535	1	 1.083947562e-03 1.257906420e-06
1868	2545	1	 2.725425873e-03 7.952442480e-06
1868	2549	1	 1.692880432e-03 3.068204891e-06
2036	2472	1	 3.772354193e-03 1.523550005e-05
2036	2474	1	 2.204636864e-03 5.203624115e-06
2037	2472	1	 6.262771699e-04 4.199184421e-07
2037	2474	1	 3.274630127e-04 1.148038080e-07
2037	2476	1	 2.627670364e-03 7.392197365e-06
2038	2474	1	 2.642413036e-03 7.475378619e-06
2038	2477	1	 3.511581158e-03 1.320192338e-05
2137	2477	1	 1.031932063e-03 1.140076518e-06
2305	2549	1	 3.717614366e-03 1.479654990e-05
2306	2549	1	 2.587931615e-03 7.170300879e-06
2307	2548	1	 3.352591384e-03 1.203352978e-05
2307	2549	1	 4.165536229e-04 1.857691610e-07
2379	2477	1	 9.669036291e-04 1.000917237e-06
2385	2539	1	 1.282184142e-03 1.760080739e-06
2385	2541	1	 9.301207090e-04 9.262120262e-07
2386	2539	1	 8.452276550e-04 7.648551308e-07
2386	2541	1	 1.162946385e-03 1.447942028e-06
2387	2539	1	 2.263856842e-03 5.486933645e-06
2387	2541	1	 2.383491078e-03 6.082174121e-06
2388	2536	1	 3.588824551e-03 1.378911019e-05
2388	2537	1	 3.132706870e-03 1.050682036e-05
2388	2539	1	 7.522451096e-04 6.058296631e-07
2388	2541	1	 2.219003956e-03 5.271666655e-06
2390	2539	1	 1.926584366e-03 3.973816887e-06
2390	2550	1	 3.344702322e-03 1.197696364e-05
2391	2550	1	 3.056181719e-03 9.999772848e-06
2392	2550	1	 9.302821758e-04 9.265336307e-07
2395	2543	1	 3.842640768e-03 1.580852534e-05
2396	2542	1	 3.180701025e-03 1.083122270e-05
2396	2543	1	 7.993277419e-04 6.840400970e-07
2405	2523	1	 2.586121815e-03 7.160275676e-06
2405	2540	1	 1.506401983e-03 2.429481213e-06
2405	2542	1	 1.440385591e-03 2.221208486e-06
2405	2543	1	 9.903023961e-04 1.049947170e-06
2406	2523	1	 3.183555167e-03 1.085066981e-05
2406	2524	1	 2.665364239e-03 7.605800345e-06
2407	2521	1	 3.613394449e-03 1.397856319e-05
2407	2522	1	 9.359666755e-04 9.378914142e-07
2407	2523	1	 6.842769007e-04 5.012975096e-07
2407	2524	1	 2.580396204e-03 7.128605419e-06
2407	2538	1	 1.551143969e-03 2.575941553e-06
2407	2540	1	 6.764255753e-04 4.898598296e-07
2407	2542	1	 1.404599688e-03 2.112209166e-06
2407	2543	1	 2.115381454e-03 4.790812486e-06
2415	2510	1	 3.633655270e-03 1.413576229e-05
2416	2510	1	 3.130080926e-03 1.048921337e-05
2417	2507	1	 3.236517522e-03 1.121470135e-05
2417	2508	1	 1.824679494e-03 3.564552132e-06
2417	2509	1	 1.043390691e-03 1.165536030e-06
2417	2510	1	 7.204554572e-04 5.557072444e-07
2430	2497	1	 1.217881294e-03 1.587967858e-06
2431	2510	1	 2.454037033e-03 6.447539510e-06
2432	2495	1	 2.661997749e-03 7.586599456e-06
2432	2496	1	 1.820727509e-03 3.549128269e-06
2432	2497	1	 2.302471296e-03 5.675710526e-06
2432	2510	1	 2.906088402e-03 9.041686195e-06
2433	2507	1	 1.021497889e-03 1.117137769e-06
2433	2508	1	 2.149744352e-03 4.947723496e-06
2433	2510	1	 6.051230877e-04 3.920299382e-07
2441	2484	1	 1.641535485e-03 2.884910459e-06
2442	2484	1	 1.964147805e-03 4.130285946e-06
2444	2482	1	 2.821296301e-03 8.521757794e-06
2444	2484	1	 9.027909281e-04 8.725818201e-07
2444	2497	1	 1.721230807e-03 3.171830779e-06
2445	2497	1	 9.215779944e-04 9.092765268e-07
2446	2497	1	 1.101845494e-03 1.299789990e-06
2447	2482	1	 3.709927616e-03 1.473542479e-05
2447	2484	1	 9.595053706e-04 9.856588090e-07
2448	2484	1	 3.401604458e-03 1.238794909e-05
2449	2482	1	 2.859996559e-03 8.757150406e-06
2449	2483	1	 1.128697115e-03 1.363912839e-06
2449	2484	1	 1.918074326e-03 3.938788418e-06
2450	2482	1	 8.187013005e-04 7.176005259e-07
2450	2483	1	 2.255234951e-04 5.445219293e-08
2450	2484	1	 4.493009029e-04 2.161256789e-07
2459	2483	1	 2.409895205e-03 6.217676219e-06
2460	2483	1	 1.720752813e-03 3.170069358e-06
2463	2483	1	 8.377092718e-04 7.513087249e-07
2464	2478	1	 3.514962452e-03 1.322735983e-05
2464	2482	1	 1.987553966e-03 4.229311242e-06
2464	2483	1	 1.979836877e-04 4.196532648e-08
2466	2562	1	 2.220093474e-03 5.276844640e-06
2466	2716	1	 1.093979194e-03 1.281297304e-06
2466	2717	1	 4.519800670e-04 2.187108619e-07
2466	2720	1	 6.704165839e-04 4.811951986e-07
2466	3144	1	 3.174066762e-03 1.078608659e-05
2466	3147	1	 1.390160702e-03 2.069006251e-06
2466	3150	1	 2.280322518e-03 5.567039969e-06
2466	3151	1	 2.201193934e-03 5.187384050e-06
2466	3152	1	 5.278194740e-04 2.982652149e-07
2466	3154	1	 1.998389636e-03 4.275551333e-06
2466	3158	1	 3.865340671e-03 1.599585065e-05
2466	3242	1	 3.104864058e-03 1.032088568e-05
2466	3400	1	 1.933644145e-03 4.002993571e-06
2467	2562	1	 3.129291089e-03 1.048392039e-05
2467	2717	1	 2.903968741e-03 9.028501239e-06
2467	2720	1	 1.798691611e-03 3.463739371e-06
2467	3152	1	 2.782656633e-03 8.289933128e-06
2468	3144	1	 3.018256320e-03 9.753130270e-06
2468	3158	1	 1.456025578e-03 2.269706996e-06
2468	3161	1	 1.513137941e-03 2.451256903e-06
2469	3143	1	 3.595052275e-03 1.383700849e-05
2469	3144	1	 9.784602658e-04 1.024986572e-06
2469	3147	1	 1.160914117e-03 1.442885844e-06
2469	3148	1	 9.697962387e-04 1.006914926e-06
2469	3150	1	 2.599175533e-03 7.232742576e-06
2469	3158	1	 1.815355791e-04 3.528217076e-08
2469	3159	1	 8.174776926e-04 7.154571176e-07
2469	3160	1	 1.457917012e-03 2.275607702e-06
2469	3161	1	 5.853686129e-04 3.668517980e-07
2469	3162	1	 8.962728830e-04 8.600274271e-07
2469	3163	1	 6.547293152e-04 4.589394186e-07
2470	3152	1	 2.118282831e-03 4.803963291e-06
2471	2716	1	 2.203543738e-03 5.198465165e-06
2471	2717	1	 1.621446298e-03 2.814731199e-06
2471	2720	1	 1.769375392e-03 3.351751045e-06
2471	3152	1	 1.548853326e-03 2.568339159e-06
2471	3154	1	 1.975314549e-03 4.177383171e-06
2472	2715	1	 2.907237516e-03 9.048838064e-06
2472	2716	1	 6.759414318e-04 4.891588579e-07
2472	2717	1	 9.946905612e-04 1.059272704e-06
2472	2720	1	 3.648211795e-04 1.424924566e-07
2473	2717	1	 2.557472057e-03 7.002507496e-06
2473	3151	1	 2.549046791e-03 6.956445756e-06
2473	3152	1	 9.066863126e-04 8.801281405e-07
2473	3154	1	 7.555201711e-04 6.111163671e-07
2473	3156	1	 1.935519684e-03 4.010762747e-06
2474	2715	1	 1.158153777e-03 1.436032415e-06
2474	2716	1	 5.429655095e-04 3.156285453e-07
2474	2717	1	 1.082530541e-03 1.254619701e-06
2474	2718	1	 1.844559180e-03 3.642646059e-06
2474	2719	1	 1.279037220e-03 1.751451651e-06
2474	2720	1	 5.278941176e-04 2.983495815e-07
2475	2717	1	 2.734577491e-03 8.005938640e-06
2475	2719	1	 3.090161978e-03 1.022337466e-05
2475	3152	1	 2.273545114e-03 5.533997268e-06
2475	3154	1	 8.872014682e-04 8.427063984e-07
2475	3156	1	 1.524797594e-03 2.489179316e-06
2475	3157	1	 1.908643027e-03 3.900149077e-06
2476	2715	1	 2.275688387e-03 5.544435995e-06
2476	2716	1	 1.606179775e-03 2.761977228e-06
2476	2717	1	 1.836984125e-03 3.612788970e-06
2476	2718	1	 1.591666098e-03 2.712287484e-06
2476	2719	1	 7.189533189e-04 5.533923783e-07
2476	2720	1	 2.704890568e-03 7.833055195e-06
2476	3154	1	 2.461649968e-03 6.487604784e-06
2477	2715	1	 2.638577877e-03 7.453695061e-06
2477	2716	1	 3.735186635e-03 1.493675996e-05
2477	2718	1	 1.182005469e-03 1.495790462e-06
2477	2719	1	 2.010660224e-04 4.328218338e-08
2478	3161	1	 1.543080332e-03 2.549229052e-06
2479	3160	1	 2.592671091e-03 7.196587963e-06
2479	3161	1	 5.315995372e-04 3.025526604e-07
2479	3162	1	 3.460514039e-03 1.282073781e-05
2480	3161	1	 9.455351209e-04 9.571656785e-07
2482	3161	1	 3.271107264e-03 1.145569279e-05
2483	3143	1	 1.356538376e-03 1.970134864e-06
2483	3144	1	 2.131110705e-03 4.862323039e-06
2484	3122	1	 3.541720505e-03 1.342951596e-05
2484	3123	1	 2.531998423e-03 6.863705633e-06
2484	3124	1	 1.815465345e-03 3.528642935e-06
2484	3125	1	 2.358210301e-03 5.953835785e-06
2484	3161	1	 2.958151221e-03 9.368553273e-06
2484	3162	1	 2.038215444e-03 4.447663926e-06
2485	3160	1	 2.319970562e-03 5.762311559e-06
2485	3161	1	 4.179731470e-04 1.870374402e-07
2485	3166	1	 3.087830327e-03 1.020795259e-05
2486	3161	1	 2.458321216e-03 6.470070999e-06
2487	3166	1	 3.734355730e-03 1.493011523e-05
2487	3173	1	 1.524777859e-03 2.489114886e-06
2487	3176	1	 1.562650183e-03 2.614299393e-06
2488	3125	1	 2.186384344e-03 5.117817621e-06
2488	3161	1	 3.011729603e-03 9.710995284e-06
2488	3165	1	 3.837740047e-03 1.576822817e-05
2488	3166	1	 9.194540965e-04 9.050902612e-07
2488	3167	1	 9.037272288e-04 8.743926993e-07
2488	3169	1	 3.863306493e-03 1.597901910e-05
2488	3171	1	 3.828800395e-03 1.569485255e-05
2488	3173	1	 1.752270358e-04 3.287259707e-08
2488	3174	1	 9.149047927e-04 8.961559508e-07
2488	3175	1	 1.377860507e-03 2.032554936e-06
2488	3176	1	 5.657417948e-04 3.426638701e-07
2488	3177	1	 1.276983594e-03 1.745831895e-06
2489	3161	1	 2.853938008e-03 8.720087812e-06
2489	3170	1	 2.054037520e-03 4.516983793e-06
2492	3170	1	 3.624286964e-03 1.406296648e-05
2493	3176	1	 1.394545698e-03 2.082079404e-06
2494	3175	1	 2.253083884e-03 5.434836834e-06
2494	3176	1	 3.189338354e-04 1.089012786e-07
2495	3176	1	 7.831214199e-04 6.565835437e-07
2497	3112	1	 3.795947881e-03 1.542667285e-05
2497	3125	1	 3.664005178e-03 1.437288482e-05
2497	3176	1	 1.608194287e-03 2.768909859e-06
2498	3175	1	 2.306100672e-03 5.693617823e-06
2498	3176	1	 3.164591059e-04 1.072178221e-07
2498	3179	1	 2.714448174e-03 7.888508469e-06
2499	3176	1	 2.461389005e-03 6.486229339e-06
2500	3176	1	 3.476174759e-03 1.293704210e-05
2500	3179	1	 2.357718376e-03 5.951352089e-06
2500	3182	1	 3.745454511e-03 1.501899392e-05
2500	3183	1	 2.184752090e-03 5.110179022e-06
2500	3186	1	 3.444844150e-03 1.270489104e-05
2501	3175	1	 3.575215059e-03 1.368472674e-05
2501	3176	1	 1.513192547e-03 2.451433829e-06
2501	3178	1	 2.461427618e-03 6.486432845e-06
2501	3179	1	 3.501551533e-04 1.312661756e-07
2501	3180	1	 7.926981509e-04 6.727403519e-07
2501	3182	1	 8.381099802e-04 7.520276561e-07
2501	3183	1	 2.890233918e-04 8.943299488e-08
2501	3184	1	 2.193082961e-03 5.149225476e-06
2501	3185	1	 3.132496581e-03 1.050540982e-05
2501	3186	1	 1.352033098e-03 1.957070338e-06
2503	3186	1	 2.662376433e-03 7.588758079e-06
2504	3183	1	 2.926357366e-03 9.168251320e-06
2504	3185	1	 2.709222567e-03 7.858165237e-06
2504	3186	1	 4.582955588e-04 2.248656326e-07
2504	3188	1	 2.126438964e-03 4.841028403e-06
2504	3190	1	 3.651998134e-03 1.427883850e-05
2505	3186	1	 8.048439005e-04 6.935137914e-07
2507	3186	1	 1.499776924e-03 2.408158800e-06
2507	3188	1	 9.988351179e-04 1.068118394e-06
2507	3189	1	 3.721473738e-03 1.482728737e-05
2507	3190	1	 8.738862212e-04 8.176012961e-07
2508	3190	1	 3.632198177e-03 1.412442770e-05
2511	3185	1	 1.963827310e-03 4.128938158e-06
2511	3186	1	 2.354966721e-04 5.937468743e-08
2511	3192	1	 3.348444995e-03 1.200378273e-05
2512	3186	1	 1.701220546e-03 3.098510884e-06
2513	3186	1	 2.241055045e-03 5.376960368e-06
2513	3192	1	 2.165592626e-03 5.020943286e-06
2513	3199	1	 2.516973695e-03 6.782489675e-06
2514	3185	1	 2.758208693e-03 8.144905193e-06
2514	3186	1	 1.076960883e-03 1.241742788e-06
2514	3191	1	 2.042525908e-03 4.466495860e-06
2514	3192	1	 3.115289712e-04 1.039031393e-07
2514	3193	1	 8.348342148e-04 7.461605219e-07
2514	3195	1	 8.676797226e-04 8.060290310e-07
2514	3199	1	 3.958531012e-04 1.677644321e-07
2514	3200	1	 2.917691551e-03 9.114031880e-06
2514	3201	1	 3.749471313e-03 1.505122535e-05
2515	3186	1	 3.671931407e-03 1.443513692e-05
2516	3186	1	 1.660520940e-03 2.952028194e-06
2516	3195	1	 2.318915480e-03 5.757071554e-06
2516	3198	1	 1.734648256e-03 3.221474036e-06
2517	3195	1	 1.447382921e-03 2.242841975e-06
2517	3196	1	 2.632946379e-03 7.421912275e-06
2517	3198	1	 1.007423730e-03 1.086566074e-06
2520	3199	1	 2.608404542e-03 7.284197011e-06
2520	3201	1	 2.684636262e-03 7.716186071e-06
2520	3202	1	 1.802690605e-03 3.479158214e-06
2521	3202	1	 2.680533525e-03 7.692619903e-06
2523	3087	1	 3.568836872e-03 1.363594316e-05
2523	3202	1	 2.218681248e-03 5.270133459e-06
2524	3087	1	 3.305553647e-03 1.169823139e-05
2524	3189	1	 2.972339495e-03 9.458638168e-06
2524	3199	1	 2.277415579e-03 5.552855370e-06
2524	3202	1	 3.595913193e-03 1.384363646e-05
2524	3203	1	 2.418352076e-03 6.261391274e-06
2525	3206	1	 2.971601440e-03 9.453941442e-06
2527	3206	1	 2.946451504e-03 9.294593112e-06
2527	3212	1	 1.939495203e-03 4.027255723e-06
2528	3202	1	 1.771838672e-03 3.361089989e-06
2528	3205	1	 2.930667147e-03 9.195276218e-06
2528	3206	1	 5.551280414e-04 3.299271981e-07
2528	3207	1	 8.572475725e-04 7.867637030e-07
2528	3209	1	 2.420256861e-03 6.271258570e-06
2528	3212	1	 2.432687915e-04 6.335845570e-08
2528	3213	1	 1.625921490e-03 2.830289957e-06
2528	3214	1	 3.278153887e-03 1.150510169e-05
2528	3215	1	 1.641556538e-03 2.884984458e-06
2528	3216	1	 2.095541955e-03 4.701370830e-06
2530	3205	1	 3.500080807e-03 1.311559296e-05
2530	3206	1	 1.371047033e-03 2.012502805e-06
2530	3209	1	 1.163785451e-03 1.450032161e-06
2531	3205	1	 2.545816746e-03 6.938827093e-06
2531	3206	1	 1.834794287e-03 3.604180613e-06
2531	3209	1	 2.905786952e-03 9.039810495e-06
2533	3212	1	 3.560735189e-03 1.357410301e-05
2533	3215	1	 1.343963609e-03 1.933778853e-06
2533	3216	1	 3.455171456e-03 1.278118126e-05
2534	3215	1	 1.278972222e-03 1.751273646e-06
2537	3216	1	 1.851590621e-03 3.670470452e-06
2538	3202	1	 3.882432047e-03 1.613762109e-05
2538	3212	1	 3.682403885e-03 1.451759337e-05
2538	3216	1	 1.563288102e-03 2.616434293e-06
2538	3217	1	 3.200736103e-03 1.096810311e-05
2539	3068	1	 1.367045437e-03 2.000772396e-06
2539	3070	1	 3.545862549e-03 1.346094597e-05
2539	3216	1	 2.204630555e-03 5.203594336e-06
2540	3087	1	 1.199771206e-03 1.541092325e-06
2540	3202	1	 1.858191329e-03 3.696686709e-06
2540	3216	1	 1.648492784e-03 2.909416440e-06
2540	3217	1	 1.601085871e-03 2.744486113e-06
2540	3218	1	 1.986314626e-03 4.224038507e-06
2540	3219	1	 3.662439331e-03 1.436060267e-05
2541	3065	1	 1.324768516e-03 1.878935121e-06
2541	3066	1	 2.028927381e-03 4.407220649e-06
2541	3068	1	 7.022642771e-04 5.279988081e-07
2541	3070	1	 3.384750196e-03 1.226549364e-05
2541	3216	1	 2.316566249e-03 5.745412790e-06
2541	3217	1	 2.308471282e-03 5.705329618e-06
2541	3219	1	 1.978284856e-03 4.189955790e-06
2542	3065	1	 2.595912502e-03 7.214593857e-06
2542	3068	1	 3.111359901e-03 1.036411655e-05
2542	3087	1	 1.310273270e-03 1.838042505e-06
2542	3216	1	 2.013184956e-03 4.339094817e-06
2542	3217	1	 1.311708557e-03 1.842071534e-06
2542	3218	1	 2.349626495e-03 5.910571147e-06
2542	3219	1	 1.598959538e-03 2.737201289e-06
2542	3221	1	 3.241706753e-03 1.125069209e-05
2543	3065	1	 1.306040711e-03 1.826186875e-06
2543	3084	1	 2.472384466e-03 6.544309047e-06
2543	3085	1	 7.166486673e-04 5.498501944e-07
2543	3087	1	 2.895483181e-04 8.975814752e-08
2543	3217	1	 1.871910983e-03 3.751476002e-06
2543	3218	1	 2.290492421e-03 5.616807059e-06
2543	3219	1	 1.523114629e-03 2.483687587e-06
2543	3220	1	 2.382796326e-03 6.078628909e-06
2543	3221	1	 1.586897740e-03 2.696060731e-06
2543	3222	1	 1.989448736e-03 4.237378837e-06
2544	3214	1	 2.066582296e-03 4.572326101e-06
2544	3215	1	 4.771354058e-04 2.437334168e-07
2545	3215	1	 1.723692373e-03 3.180909461e-06
2546	3230	1	 2.230179387e-03 5.324899095e-06
2547	3215	1	 3.611228869e-03 1.396181293e-05
2547	3225	1	 1.159212181e-03 1.438658315e-06
2547	3226	1	 1.173856729e-03 1.475237609e-06
2547	3229	1	 3.394064964e-03 1.233309535e-05
2547	3230	1	 4.674212403e-04 2.339099385e-07
2548	3215	1	 1.079325941e-03 1.247202631e-06
2548	3225	1	 2.722127873e-03 7.933207847e-06
2548	3229	1	 1.691044218e-03 3.061552530e-06
