1785	2551	1	 3.222734245e-03 1.111938521e-05
1786	2562	1	 3.112386858e-03 1.037095939e-05
1872	2551	1	 1.322003602e-03 1.871100285e-06
1872	2554	1	 1.481177299e-03 2.348799156e-06
1873	2554	1	 1.047615332e-03 1.174993541e-06
1875	2551	1	 2.458856719e-03 6.472890089e-06
1875	2554	1	 3.502901731e-03 1.313674276e-05
1876	2551	1	 2.749182079e-03 8.091681802e-06
1876	2558	1	 2.122079610e-03 4.821199831e-06
1877	2551	1	 7.536822154e-04 6.081466553e-07
1877	2552	1	 3.475392873e-03 1.293122297e-05
1877	2555	1	 2.342883188e-03 5.876693761e-06
1877	2556	1	 1.466737920e-03 2.303227450e-06
1877	2558	1	 6.479499733e-04 4.494845209e-07
1877	2560	1	 1.531921957e-03 2.512494210e-06
1879	2551	1	 2.885417888e-03 8.913519675e-06
1879	2556	1	 2.167362280e-03 5.029152550e-06
1879	2558	1	 6.531756228e-04 4.567638488e-07
1879	2560	1	 6.332390384e-04 4.293061888e-07
1879	2561	1	 2.064946825e-03 4.565091983e-06
1881	2558	1	 2.113534796e-03 4.782451695e-06
1881	2560	1	 1.437198766e-03 2.211390599e-06
1882	2560	1	 2.071391015e-03 4.593629496e-06
1883	2551	1	 3.129910597e-03 1.048807182e-05
1883	2553	1	 1.367436528e-03 2.001917342e-06
1883	2554	1	 1.819037958e-04 3.542544474e-08
1884	2553	1	 3.647873659e-03 1.424660439e-05
1884	2554	1	 6.691146520e-04 4.793280758e-07
1885	2554	1	 1.277497617e-03 1.747237672e-06
1885	2564	1	 2.667101145e-03 7.615716337e-06
1885	2570	1	 2.441416071e-03 6.381391444e-06
1886	2553	1	 1.353238996e-03 1.960562973e-06
1886	2554	1	 5.451526843e-04 3.181764980e-07
1886	2563	1	 1.483205779e-03 2.355236948e-06
1886	2564	1	 6.181207561e-04 4.090519262e-07
1886	2565	1	 1.033049822e-03 1.142547652e-06
1886	2570	1	 5.084915247e-04 2.768211224e-07
1886	2571	1	 2.697957341e-03 7.792950987e-06
1886	2573	1	 3.893730577e-03 1.623168414e-05
1886	2574	1	 2.644918898e-03 7.489563497e-06
1887	2553	1	 3.476165679e-03 1.293697451e-05
1887	2554	1	 5.948682293e-04 3.788552739e-07
1887	2564	1	 3.056210149e-03 9.999958896e-06
1887	2569	1	 2.319110811e-03 5.758041475e-06
1888	2553	1	 2.864702430e-03 8.785992345e-06
1888	2554	1	 4.119116656e-04 1.816519110e-07
1891	2570	1	 3.164725668e-03 1.072269435e-05
1891	2573	1	 1.190923391e-03 1.518446302e-06
1891	2574	1	 3.442763967e-03 1.268955187e-05
1892	2573	1	 9.664075644e-04 9.998904699e-07
1895	2574	1	 2.389528186e-03 6.113024029e-06
1895	2577	1	 3.190743392e-03 1.089972510e-05
1898	2572	1	 1.418792671e-03 2.155111083e-06
1898	2573	1	 1.677212817e-04 3.011675200e-08
1899	2573	1	 7.373836088e-04 5.821283454e-07
1900	2573	1	 1.163484948e-03 1.449283427e-06
1900	2579	1	 2.300632077e-03 5.666646607e-06
1900	2583	1	 2.269652104e-03 5.515061677e-06
1900	2586	1	 3.622511202e-03 1.404918922e-05
1901	2572	1	 1.298200608e-03 1.804327648e-06
1901	2573	1	 4.616903061e-04 2.282092794e-07
1901	2576	1	 3.876167795e-03 1.608558743e-05
1901	2578	1	 1.244047743e-03 1.656936569e-06
1901	2579	1	 3.365837544e-04 1.212880709e-07
1901	2580	1	 7.965750392e-04 6.793368528e-07
1901	2582	1	 1.927662460e-03 3.978265536e-06
1901	2583	1	 3.117092383e-04 1.040234218e-07
1901	2584	1	 2.377384958e-03 6.051050935e-06
1901	2585	1	 3.557390772e-03 1.354861607e-05
1901	2586	1	 1.567905718e-03 2.631913888e-06
1902	2573	1	 8.754608815e-04 8.205504311e-07
1903	2586	1	 2.528164190e-03 6.842933805e-06
1904	2583	1	 2.803609554e-03 8.415246662e-06
1904	2585	1	 2.494860985e-03 6.663838919e-06
1904	2586	1	 3.879389251e-04 1.611233578e-07
1905	2586	1	 7.923335764e-04 6.721216861e-07
1907	2586	1	 1.072894746e-03 1.232383925e-06
1908	2585	1	 2.108010837e-03 4.757485421e-06
1908	2586	1	 2.662408997e-04 7.588943722e-08
1908	2589	1	 3.060231883e-03 1.002629454e-05
1909	2586	1	 2.005952380e-03 4.307973523e-06
1910	2586	1	 2.993718461e-03 9.595192645e-06
1910	2589	1	 2.810208018e-03 8.454904855e-06
1910	2596	1	 1.914232922e-03 3.923027476e-06
1910	2599	1	 2.769371455e-03 8.210965183e-06
1911	2585	1	 3.353303640e-03 1.203864335e-05
1911	2586	1	 1.287446720e-03 1.774558487e-06
1911	2588	1	 2.682360142e-03 7.703107560e-06
1911	2589	1	 5.014250460e-04 2.691806476e-07
1911	2590	1	 8.212793411e-04 7.221270023e-07
1911	2592	1	 1.817834264e-03 3.537857676e-06
1911	2596	1	 2.294850112e-04 5.638199485e-08
1911	2597	1	 1.615428497e-03 2.793876901e-06
1911	2598	1	 2.288689096e-03 5.607966215e-06
1911	2599	1	 1.088469800e-03 1.268424305e-06
1911	2600	1	 3.082471440e-03 1.017255181e-05
1911	2601	1	 1.210957115e-03 1.569962628e-06
1911	2602	1	 3.563210668e-03 1.359298343e-05
1913	2589	1	 1.697358543e-03 3.084458766e-06
1913	2592	1	 8.766890089e-04 8.228542400e-07
1914	2592	1	 3.016910956e-03 9.744437449e-06
1914	2609	1	 3.288078043e-03 1.157486733e-05
1915	2589	1	 2.929747284e-03 9.189504785e-06
1915	2592	1	 7.279137243e-04 5.672723338e-07
1915	2593	1	 3.542889862e-03 1.343838537e-05
1916	2599	1	 2.107201227e-03 4.753831769e-06
1917	2596	1	 3.457242796e-03 1.279651024e-05
1917	2598	1	 2.331370051e-03 5.819078476e-06
1917	2599	1	 3.495024752e-04 1.307772797e-07
1917	2601	1	 3.622925165e-03 1.405240036e-05
1917	2602	1	 3.365393971e-03 1.212561046e-05
1918	2599	1	 8.189037919e-04 7.179555415e-07
1920	2599	1	 1.158866499e-03 1.437800413e-06
1920	2601	1	 2.184442900e-03 5.108732721e-06
1920	2602	1	 9.095266444e-04 8.856510462e-07
1921	2602	1	 1.924488802e-03 3.965176873e-06
1923	2601	1	 1.757343706e-03 3.306322467e-06
1923	2602	1	 6.606434565e-04 4.672680249e-07
1924	2598	1	 2.303827501e-03 5.682398724e-06
1924	2599	1	 3.267416785e-04 1.142985864e-07
1924	2605	1	 2.813017828e-03 8.471820723e-06
1924	2609	1	 3.074517083e-03 1.012011875e-05
1925	2599	1	 2.449041378e-03 6.421315863e-06
1926	2599	1	 3.300304739e-03 1.166110951e-05
1926	2605	1	 2.808640253e-03 8.445473807e-06
1926	2613	1	 3.760018598e-03 1.513602282e-05
1926	2616	1	 3.257336873e-03 1.135944567e-05
1927	2605	1	 1.677601128e-03 3.013069900e-06
1927	2606	1	 2.407632502e-03 6.206005882e-06
1927	2608	1	 2.500795164e-03 6.695577316e-06
1927	2610	1	 3.249378443e-03 1.130400596e-05
1927	2613	1	 1.421725327e-03 2.164029557e-06
1927	2616	1	 3.606040369e-03 1.392172197e-05
1927	2625	1	 2.583788657e-03 7.147361729e-06
1928	2609	1	 2.516082296e-03 6.777686419e-06
1930	2613	1	 3.111718567e-03 1.036650616e-05
1930	2615	1	 2.721850173e-03 7.931589303e-06
1930	2616	1	 2.205261838e-03 5.206574799e-06
1931	2610	1	 3.124168840e-03 1.044962681e-05
1931	2612	1	 3.191262512e-03 1.090327206e-05
1931	2613	1	 6.681354410e-04 4.779261639e-07
1931	2615	1	 1.044607764e-03 1.168256717e-06
1931	2616	1	 1.667159299e-03 2.975678356e-06
1932	2613	1	 8.918403273e-04 8.515418575e-07
1934	2613	1	 3.228302741e-03 1.115784432e-05
1934	2615	1	 1.117623109e-03 1.337280567e-06
1934	2616	1	 3.182094648e-03 1.084071617e-05
1937	2612	1	 1.861102928e-03 3.708280457e-06
1937	2613	1	 2.370066115e-04 6.013851641e-08
1937	2618	1	 3.811467630e-03 1.555307474e-05
1938	2613	1	 1.454859766e-03 2.266073828e-06
1939	2613	1	 3.248657496e-03 1.129899042e-05
1939	2629	1	 2.045709854e-03 4.480431708e-06
1940	2613	1	 1.770312266e-03 3.355301451e-06
1940	2618	1	 1.625342899e-03 2.828275973e-06
1940	2619	1	 1.377038993e-03 2.030131941e-06
1940	2629	1	 5.227159416e-04 2.925251955e-07
1940	2630	1	 1.654563392e-03 2.930883866e-06
1940	2632	1	 3.389059358e-03 1.229674419e-05
1940	2633	1	 8.744954674e-04 8.187417057e-07
1941	2613	1	 1.589027630e-03 2.703302745e-06
1941	2618	1	 2.962821041e-03 9.398155536e-06
1941	2622	1	 2.077336227e-03 4.620036191e-06
1941	2623	1	 1.816518560e-03 3.532738299e-06
1941	2624	1	 2.670590214e-03 7.635654940e-06
1941	2625	1	 2.120174892e-03 4.812548972e-06
1941	2626	1	 3.064030288e-03 1.005119956e-05
1941	2627	1	 2.750525675e-03 8.099592962e-06
1942	2623	1	 3.285163815e-03 1.155435878e-05
1942	2625	1	 1.846304509e-03 3.649542692e-06
1942	2626	1	 2.758683433e-03 8.147709219e-06
1942	2627	1	 1.666234322e-03 2.972377328e-06
1942	2628	1	 2.555777863e-03 6.993232966e-06
1943	2625	1	 2.209270395e-03 5.225520231e-06
1943	2627	1	 2.800880473e-03 8.398871548e-06
1943	2628	1	 3.001088318e-03 9.642493181e-06
1944	2625	1	 3.820465615e-03 1.562659578e-05
1944	2626	1	 2.194305861e-03 5.154969667e-06
1944	2627	1	 1.834484187e-03 3.602962422e-06
1944	2628	1	 1.954715135e-03 4.090710438e-06
1945	2628	1	 2.832474286e-03 8.589418033e-06
1946	2627	1	 3.307692385e-03 1.171337411e-05
1946	2628	1	 1.823759320e-03 3.560957877e-06
1947	2628	1	 2.211634239e-03 5.236708472e-06
1950	2632	1	 1.109423364e-03 1.317729908e-06
1950	2633	1	 2.435821890e-03 6.352180725e-06
1951	2632	1	 1.080405609e-03 1.249699074e-06
1954	2633	1	 1.845986458e-03 3.648285433e-06
1955	2631	1	 2.025569345e-03 4.392644119e-06
1955	2632	1	 3.551979021e-04 1.350742522e-07
1956	2634	1	 8.567635183e-04 7.858754444e-07
1957	2634	1	 2.252656686e-03 5.432776074e-06
1958	2633	1	 2.979721471e-03 9.505678651e-06
1958	2634	1	 1.186121457e-03 1.506225905e-06
1959	2633	1	 1.389425886e-03 2.066819543e-06
1959	2634	1	 3.411208721e-04 1.245800137e-07
1973	2633	1	 8.886599750e-04 8.454793950e-07
1973	2634	1	 1.991689193e-03 4.246928227e-06
1974	2611	1	 3.290161352e-03 1.158953953e-05
1974	2612	1	 1.530574695e-03 2.508076885e-06
1974	2613	1	 9.573023186e-04 9.811378030e-07
1974	2614	1	 1.049427832e-03 1.179062818e-06
1974	2615	1	 1.401549546e-03 2.103045641e-06
1974	2617	1	 3.281460745e-03 1.152832508e-05
1977	2615	1	 2.689699667e-03 7.745320011e-06
1978	2614	1	 2.202593608e-03 5.193983153e-06
1978	2615	1	 8.581182786e-04 7.883627459e-07
1984	2602	1	 3.513462495e-03 1.321607308e-05
1987	2602	1	 2.733656358e-03 8.000546000e-06
1987	2615	1	 2.861103000e-03 8.763927438e-06
1988	2602	1	 2.407610342e-03 6.205891642e-06
1990	2602	1	 3.795638642e-03 1.542415946e-05
1991	2602	1	 2.006975072e-03 4.312367303e-06
2013	2577	1	 2.403825915e-03 6.186397384e-06
2014	2576	1	 2.262663994e-03 5.481152930e-06
2014	2577	1	 2.381363644e-03 6.071321424e-06
2029	2555	1	 3.741288563e-03 1.498560222e-05
2029	2556	1	 3.854006183e-03 1.590217768e-05
2029	2558	1	 9.717722229e-04 1.011022335e-06
2029	2560	1	 3.125291653e-03 1.045713926e-05
2030	2577	1	 8.763408909e-04 8.222008876e-07
2031	2555	1	 7.749578930e-04 6.429659874e-07
2031	2556	1	 1.542774206e-03 2.548217688e-06
2031	2558	1	 6.516098700e-04 4.545766206e-07
2031	2560	1	 3.666470729e-03 1.439223468e-05
2032	2555	1	 1.633441149e-03 2.856529884e-06
2032	2558	1	 2.878234477e-03 8.869193500e-06
2032	2575	1	 3.498168315e-03 1.310126379e-05
2032	2577	1	 1.279111271e-03 1.751654459e-06
2033	2553	1	 2.376283524e-03 6.045445378e-06
2033	2554	1	 3.713482487e-03 1.476367743e-05
2033	2555	1	 9.620213826e-04 9.908347692e-07
2033	2563	1	 2.276978462e-03 5.550723995e-06
2033	2564	1	 3.840534077e-03 1.579119635e-05
2033	2565	1	 2.691544407e-03 7.755947963e-06
2033	2570	1	 3.121117662e-03 1.042922580e-05
2033	2574	1	 1.879165543e-03 3.780609911e-06
2033	2575	1	 6.579030680e-04 4.633995535e-07
2033	2577	1	 4.009397906e-04 1.721036600e-07
2460	2557	1	 3.156398975e-03 1.066634373e-05
2460	2559	1	 1.387085478e-03 2.059862530e-06
2460	2561	1	 2.203779047e-03 5.199575477e-06
2460	2562	1	 2.712825231e-03 7.879078362e-06
2461	2551	1	 8.642356479e-04 7.996430002e-07
2461	2552	1	 3.868587434e-03 1.602273395e-05
2461	2556	1	 2.219553225e-03 5.274276764e-06
2461	2557	1	 9.632285950e-04 9.933230684e-07
2461	2559	1	 8.623884956e-04 7.962284594e-07
2461	2560	1	 3.645138598e-03 1.422524909e-05
2461	2561	1	 1.851268103e-03 3.669191885e-06
2462	2551	1	 5.188470963e-04 2.882110110e-07
2462	2552	1	 3.689435119e-03 1.457308649e-05
2462	2556	1	 2.372255023e-03 6.024965126e-06
2462	2557	1	 1.992715141e-03 4.251304664e-06
2462	2558	1	 3.043756418e-03 9.918627408e-06
2462	2559	1	 2.239001694e-03 5.367111679e-06
2462	2560	1	 3.373818133e-03 1.218639144e-05
2462	2561	1	 2.920068948e-03 9.128890544e-06
2463	2559	1	 2.331055362e-03 5.817507660e-06
2463	2561	1	 1.671841121e-03 2.992414799e-06
2463	2562	1	 1.329107538e-03 1.891263453e-06
2464	2559	1	 1.304179698e-03 1.820986217e-06
2464	2560	1	 2.179569083e-03 5.085961468e-06
2464	2561	1	 5.878086007e-04 3.699164633e-07
2464	2562	1	 1.808861611e-04 3.503018830e-08
2465	2551	1	 3.684132451e-04 1.453122605e-07
2465	2552	1	 1.351422167e-03 1.955302090e-06
2465	2555	1	 3.297079586e-03 1.163832950e-05
2465	2556	1	 1.372122800e-03 2.015662192e-06
2465	2557	1	 3.896535630e-04 1.625507926e-07
2465	2559	1	 6.235273960e-04 4.162390940e-07
2465	2561	1	 2.495496845e-03 6.667236150e-06
2466	2562	1	 2.220093474e-03 5.276844640e-06
2467	2562	1	 3.129291089e-03 1.048392039e-05
2552	3231	1	 1.324829160e-03 1.879107149e-06
2552	3234	1	 1.479019836e-03 2.341961680e-06
2553	3234	1	 1.048538017e-03 1.177064198e-06
2555	2709	1	 1.244080589e-03 1.657024066e-06
2555	2711	1	 8.409077342e-04 7.570568293e-07
2555	3231	1	 2.460919744e-03 6.483756388e-06
2555	3234	1	 3.495919815e-03 1.308442714e-05
2556	2709	1	 7.823547894e-04 6.552986584e-07
2556	2711	1	 1.040703121e-03 1.159539378e-06
2556	3142	1	 3.539393916e-03 1.341187780e-05
2556	3231	1	 2.746529979e-03 8.076077453e-06
2556	3238	1	 2.127345122e-03 4.845155183e-06
2557	2709	1	 2.026176030e-03 4.395275824e-06
2557	2711	1	 2.101087265e-03 4.726285677e-06
2557	3141	1	 2.320719551e-03 5.766032814e-06
2557	3142	1	 4.095270411e-04 1.795547732e-07
2557	3231	1	 7.520547244e-04 6.055230439e-07
2557	3232	1	 3.470217438e-03 1.289273818e-05
2557	3235	1	 2.342058013e-03 5.872554888e-06
2557	3236	1	 1.468036938e-03 2.307308970e-06
2557	3238	1	 6.496917740e-04 4.519043520e-07
2557	3240	1	 1.538417624e-03 2.533846375e-06
2558	2706	1	 3.689779690e-03 1.457580870e-05
2558	2707	1	 3.104884863e-03 1.032102400e-05
2558	2709	1	 7.189193225e-04 5.533400443e-07
2558	2711	1	 2.076984589e-03 4.618472225e-06
2559	3141	1	 1.541542651e-03 2.544150966e-06
2559	3142	1	 2.856826557e-04 8.737748427e-08
2559	3143	1	 1.572309271e-03 2.646718410e-06
2559	3144	1	 3.271734578e-03 1.146008703e-05
2559	3231	1	 2.877502666e-03 8.864683965e-06
2559	3236	1	 2.165224865e-03 5.019238116e-06
2559	3238	1	 6.535685480e-04 4.573135572e-07
2559	3240	1	 6.350652990e-04 4.317859966e-07
2559	3241	1	 2.070488340e-03 4.589626726e-06
2560	2709	1	 1.805580534e-03 3.490322167e-06
2560	2720	1	 3.593099332e-03 1.382197919e-05
2561	2709	1	 3.806179801e-03 1.550994965e-05
2561	2720	1	 2.893663325e-03 8.964535424e-06
2561	3142	1	 2.461670761e-03 6.487714382e-06
2561	3238	1	 2.113113160e-03 4.780543752e-06
2561	3240	1	 1.438674271e-03 2.215933594e-06
2562	2716	1	 3.788658040e-03 1.536747814e-05
2562	2720	1	 8.027944671e-04 6.899863975e-07
2562	3143	1	 2.607996155e-03 7.281916275e-06
2562	3144	1	 2.711147271e-03 7.869334507e-06
2562	3240	1	 2.069883426e-03 4.586945307e-06
2563	3231	1	 3.140692349e-03 1.056045380e-05
2563	3233	1	 1.370746298e-03 2.011620029e-06
2563	3234	1	 1.824299130e-04 3.563066185e-08
2564	3233	1	 3.657567651e-03 1.432242389e-05
2564	3234	1	 6.719410600e-04 4.833860890e-07
2565	2713	1	 3.501960718e-03 1.312968565e-05
2565	3234	1	 1.282752592e-03 1.761641731e-06
2565	3244	1	 2.671525806e-03 7.641005901e-06
2565	3250	1	 2.445210267e-03 6.401241453e-06
2566	2712	1	 3.165129064e-03 1.072542809e-05
2566	2713	1	 7.298706841e-04 5.703266008e-07
2566	3233	1	 1.357612249e-03 1.973255324e-06
2566	3234	1	 5.470258911e-04 3.203668361e-07
2566	3243	1	 1.486465082e-03 2.365599454e-06
2566	3244	1	 6.188559085e-04 4.100255041e-07
2566	3245	1	 1.034265031e-03 1.145237262e-06
2566	3250	1	 5.089525259e-04 2.773232849e-07
2566	3251	1	 2.696123199e-03 7.782358881e-06
2566	3253	1	 3.886842499e-03 1.617430666e-05
2566	3254	1	 2.647652631e-03 7.505053611e-06
2567	3233	1	 3.487326172e-03 1.302017813e-05
2567	3234	1	 5.983252640e-04 3.832714502e-07
2567	3244	1	 3.062296836e-03 1.003983000e-05
2567	3249	1	 2.319520268e-03 5.760074905e-06
2568	3233	1	 2.874239283e-03 8.844588444e-06
2568	3234	1	 4.143973775e-04 1.838509102e-07
2571	3250	1	 3.171488595e-03 1.076857149e-05
2571	3253	1	 1.188032376e-03 1.511083070e-06
2571	3254	1	 3.444117928e-03 1.269953486e-05
2572	3253	1	 9.659908193e-04 9.990282878e-07
2575	2693	1	 2.530379033e-03 6.854928802e-06
2575	2710	1	 1.560387991e-03 2.606735618e-06
2575	2712	1	 1.414298606e-03 2.141479960e-06
2575	2713	1	 8.851796646e-04 8.388699632e-07
2575	3254	1	 2.387265364e-03 6.101451757e-06
2575	3257	1	 3.193803428e-03 1.092064157e-05
2576	2693	1	 3.297107429e-03 1.163852607e-05
2576	2694	1	 2.589215127e-03 7.177415020e-06
2577	2691	1	 3.827315506e-03 1.568268132e-05
2577	2692	1	 1.047541627e-03 1.174828213e-06
2577	2693	1	 6.573952486e-04 4.626844559e-07
2577	2694	1	 2.386718691e-03 6.098657671e-06
2577	2708	1	 1.682953777e-03 3.032327913e-06
2577	2710	1	 6.859942849e-04 5.038169597e-07
2577	2712	1	 1.333896528e-03 1.904917063e-06
2577	2713	1	 1.892797212e-03 3.835658759e-06
2578	3252	1	 1.419754779e-03 2.158034913e-06
2578	3253	1	 1.678586478e-04 3.016610431e-08
2579	3253	1	 7.389626664e-04 5.846241926e-07
2580	3253	1	 1.165935545e-03 1.455394981e-06
2580	3259	1	 2.301209340e-03 5.669490653e-06
2580	3263	1	 2.269207541e-03 5.512901387e-06
2580	3266	1	 3.617070574e-03 1.400702013e-05
2581	3252	1	 1.300180697e-03 1.809835971e-06
2581	3253	1	 4.628759260e-04 2.293828664e-07
2581	3258	1	 1.246703981e-03 1.664019765e-06
2581	3259	1	 3.365195630e-04 1.212418125e-07
2581	3260	1	 7.964968378e-04 6.792034756e-07
2581	3262	1	 1.926052495e-03 3.971623095e-06
2581	3263	1	 3.116935090e-04 1.040129237e-07
2581	3264	1	 2.375917146e-03 6.043581334e-06
2581	3265	1	 3.552931918e-03 1.351467352e-05
2581	3266	1	 1.565310526e-03 2.623208428e-06
2582	3253	1	 8.782576410e-04 8.258014889e-07
2583	3266	1	 2.526630200e-03 6.834632280e-06
2584	3263	1	 2.803753482e-03 8.416110709e-06
2584	3265	1	 2.492387083e-03 6.650629758e-06
2584	3266	1	 3.871651552e-04 1.604812564e-07
2585	2680	1	 3.644044406e-03 1.421671014e-05
2585	3266	1	 7.923919726e-04 6.722207625e-07
2586	2680	1	 3.165693577e-03 1.072925427e-05
2587	2677	1	 3.055079932e-03 9.992564094e-06
2587	2678	1	 1.802155593e-03 3.477093394e-06
2587	2679	1	 1.134258027e-03 1.377385512e-06
2587	2680	1	 6.726376909e-04 4.843889039e-07
2587	3266	1	 1.069964358e-03 1.225661119e-06
2587	3360	1	 1.814655617e-03 3.525495968e-06
2588	3265	1	 2.110422530e-03 4.768377354e-06
2588	3266	1	 2.668300878e-04 7.622569379e-08
2588	3269	1	 3.056330245e-03 1.000074482e-05
2589	3266	1	 2.009997786e-03 4.325366832e-06
2590	3266	1	 3.000319849e-03 9.637555633e-06
2590	3269	1	 2.810146835e-03 8.454536704e-06
2590	3276	1	 1.916839619e-03 3.933719079e-06
2590	3279	1	 2.768316327e-03 8.204709632e-06
2591	3265	1	 3.360525218e-03 1.209055133e-05
2591	3266	1	 1.291105768e-03 1.784659755e-06
2591	3268	1	 2.686463843e-03 7.726695317e-06
2591	3269	1	 5.013599696e-04 2.691107822e-07
2591	3270	1	 8.211774873e-04 7.219478992e-07
2591	3272	1	 1.816295410e-03 3.531870398e-06
2591	3276	1	 2.297447481e-04 5.650969617e-08
2591	3277	1	 1.616130061e-03 2.796304135e-06
2591	3278	1	 2.284550692e-03 5.587703923e-06
2591	3279	1	 1.086606949e-03 1.264086356e-06
2591	3280	1	 3.086479662e-03 1.019902431e-05
2591	3281	1	 1.215332436e-03 1.581328018e-06
2591	3282	1	 3.576433690e-03 1.369405735e-05
2593	3269	1	 1.702008779e-03 3.101382839e-06
2593	3272	1	 8.774941046e-04 8.243662486e-07
2594	3272	1	 3.022774084e-03 9.782349341e-06
2594	3289	1	 3.288558768e-03 1.157825213e-05
2595	3269	1	 2.938501882e-03 9.244506545e-06
2595	3272	1	 7.287452069e-04 5.685690437e-07
2595	3273	1	 3.543335605e-03 1.344176704e-05
2596	3279	1	 2.106038062e-03 4.748585035e-06
2597	3276	1	 3.462785691e-03 1.283757566e-05
2597	3278	1	 2.331464995e-03 5.819552446e-06
2597	3279	1	 3.495017823e-04 1.307767612e-07
2597	3281	1	 3.633369211e-03 1.413353670e-05
2597	3282	1	 3.378174609e-03 1.221788335e-05
2598	3279	1	 8.203788701e-04 7.205443545e-07
2600	2667	1	 1.099787852e-03 1.294939935e-06
2600	3279	1	 1.157078316e-03 1.433366656e-06
2600	3281	1	 2.189831835e-03 5.133969898e-06
2600	3282	1	 9.132757196e-04 8.929674139e-07
2601	2667	1	 3.773568134e-03 1.524530718e-05
2601	2680	1	 2.656562884e-03 7.555652732e-06
2601	3282	1	 1.930284219e-03 3.989094347e-06
2602	2665	1	 2.677984567e-03 7.677996813e-06
2602	2666	1	 1.817408913e-03 3.536202239e-06
2602	2667	1	 2.255249105e-03 5.445287643e-06
2602	2680	1	 3.122339188e-03 1.043739086e-05
2603	2677	1	 1.155774082e-03 1.430137156e-06
2603	2678	1	 2.315611601e-03 5.740678443e-06
2603	2680	1	 6.368921385e-04 4.342737352e-07
2603	3281	1	 1.759080052e-03 3.312859328e-06
2603	3282	1	 6.620461141e-04 4.692543090e-07
2603	3360	1	 3.324453385e-03 1.183238475e-05
2604	3278	1	 2.309938029e-03 5.712581977e-06
2604	3279	1	 3.280402459e-04 1.152089041e-07
2604	3285	1	 2.814655892e-03 8.481690144e-06
2604	3289	1	 3.071658659e-03 1.010130985e-05
2605	3279	1	 2.458736722e-03 6.472258328e-06
2606	3279	1	 3.307661898e-03 1.171315820e-05
2606	3285	1	 2.812539193e-03 8.468938010e-06
2606	3293	1	 3.758242654e-03 1.512172801e-05
2606	3296	1	 3.263326121e-03 1.140125718e-05
2607	3285	1	 1.682114155e-03 3.029303027e-06
2607	3286	1	 2.409211226e-03 6.214147305e-06
2607	3288	1	 2.505645801e-03 6.721576498e-06
2607	3290	1	 3.254440839e-03 1.133925573e-05
2607	3293	1	 1.420270846e-03 2.159604047e-06
2607	3296	1	 3.615304298e-03 1.399334374e-05
2607	3305	1	 2.577237729e-03 7.111164884e-06
2608	3289	1	 2.519443582e-03 6.795807415e-06
2610	3293	1	 3.106429192e-03 1.033129364e-05
2610	3295	1	 2.728040287e-03 7.967706847e-06
2610	3296	1	 2.209587846e-03 5.227022053e-06
2611	2654	1	 1.427462590e-03 2.181530345e-06
2611	3290	1	 3.124369803e-03 1.045097120e-05
2611	3292	1	 3.188433009e-03 1.088394606e-05
2611	3293	1	 6.669331147e-04 4.762076315e-07
2611	3295	1	 1.047491452e-03 1.174715672e-06
2611	3296	1	 1.670546710e-03 2.987782879e-06
2612	2654	1	 1.807028727e-03 3.495923346e-06
2612	3293	1	 8.916417241e-04 8.511626415e-07
2614	2652	1	 2.423127040e-03 6.286141542e-06
2614	2654	1	 8.354251747e-04 7.472172753e-07
2614	2667	1	 1.918760344e-03 3.941606413e-06
2614	3293	1	 3.219213231e-03 1.109510140e-05
2614	3295	1	 1.119155636e-03 1.340950542e-06
2614	3296	1	 3.185045356e-03 1.086083036e-05
2615	2667	1	 1.024464030e-03 1.123634892e-06
2616	2667	1	 1.151723016e-03 1.420129273e-06
2617	2652	1	 3.113629431e-03 1.037924193e-05
2617	2653	1	 3.785072304e-03 1.533840313e-05
2617	2654	1	 8.343481154e-04 7.452918401e-07
2617	3292	1	 1.863229059e-03 3.716758006e-06
2617	3293	1	 2.373565703e-04 6.031624598e-08
2617	3298	1	 3.808876748e-03 1.553193723e-05
2618	2654	1	 3.205258039e-03 1.099911604e-05
2618	3293	1	 1.457480428e-03 2.274245011e-06
2619	2652	1	 2.598217760e-03 7.227413153e-06
2619	2653	1	 9.246214018e-04 9.152920096e-07
2619	2654	1	 1.903604882e-03 3.879586217e-06
2619	3293	1	 3.254764921e-03 1.134151420e-05
2619	3309	1	 2.047172660e-03 4.486841557e-06
2620	2652	1	 7.082330230e-04 5.370121768e-07
2620	2653	1	 1.650110299e-04 2.915128730e-08
2620	2654	1	 4.441042960e-04 2.111551783e-07
2620	3293	1	 1.772174394e-03 3.362363807e-06
2620	3298	1	 1.623712770e-03 2.822605609e-06
2620	3299	1	 1.376343944e-03 2.028083072e-06
2620	3309	1	 5.227299880e-04 2.925409171e-07
2620	3310	1	 1.656560473e-03 2.937963369e-06
2620	3312	1	 3.381139385e-03 1.223933824e-05
2620	3313	1	 8.759542960e-04 8.214756252e-07
2621	3293	1	 1.593007698e-03 2.716861731e-06
2621	3298	1	 2.965704757e-03 9.416458902e-06
2621	3302	1	 2.076771277e-03 4.617523612e-06
2621	3303	1	 1.817968088e-03 3.538378591e-06
2621	3304	1	 2.666740813e-03 7.613658669e-06
2621	3305	1	 2.120225982e-03 4.812780912e-06
2621	3306	1	 3.059197792e-03 1.001951967e-05
2621	3307	1	 2.746077630e-03 8.073417440e-06
2622	3303	1	 3.288019371e-03 1.157445425e-05
2622	3305	1	 1.847021659e-03 3.652378389e-06
2622	3306	1	 2.755655097e-03 8.129830793e-06
2622	3307	1	 1.664345515e-03 2.965642301e-06
2622	3308	1	 2.552708637e-03 6.976446745e-06
2623	3305	1	 2.208626505e-03 5.222474728e-06
2623	3307	1	 2.796404161e-03 8.372047180e-06
2623	3308	1	 2.994983411e-03 9.603302965e-06
2624	3305	1	 3.826217037e-03 1.567368052e-05
2624	3306	1	 2.193310845e-03 5.150295647e-06
2624	3307	1	 1.834152498e-03 3.601659653e-06
2624	3308	1	 1.953739375e-03 4.086627436e-06
2625	3308	1	 2.828454060e-03 8.565052835e-06
2626	3307	1	 3.309912170e-03 1.172910103e-05
2626	3308	1	 1.823864944e-03 3.561370357e-06
2627	3308	1	 2.210301037e-03 5.230396861e-06
2629	2653	1	 2.161673284e-03 5.002785679e-06
2630	2653	1	 1.625420766e-03 2.828546974e-06
2630	3312	1	 1.109264728e-03 1.317353091e-06
2630	3313	1	 2.442546825e-03 6.387303962e-06
2631	3312	1	 1.082190953e-03 1.253832682e-06
2633	2653	1	 8.951962316e-04 8.579624455e-07
2634	2648	1	 3.361889395e-03 1.210036944e-05
2634	2652	1	 2.257518251e-03 5.456250840e-06
2634	2653	1	 2.424340045e-04 6.292436739e-08
2634	3313	1	 1.847502082e-03 3.654278653e-06
2635	3311	1	 2.030054890e-03 4.412120342e-06
2635	3312	1	 3.562643235e-04 1.358865447e-07
