2465	3231	1	 3.215672470e-03 1.107070817e-05
2466	3242	1	 3.104864058e-03 1.032088568e-05
2552	3231	1	 1.324829160e-03 1.879107149e-06
2552	3234	1	 1.479019836e-03 2.341961680e-06
2553	3234	1	 1.048538017e-03 1.177064198e-06
2555	3231	1	 2.460919744e-03 6.483756388e-06
2555	3234	1	 3.495919815e-03 1.308442714e-05
2556	3231	1	 2.746529979e-03 8.076077453e-06
2556	3238	1	 2.127345122e-03 4.845155183e-06
2557	3231	1	 7.520547244e-04 6.055230439e-07
2557	3232	1	 3.470217438e-03 1.289273818e-05
2557	3235	1	 2.342058013e-03 5.872554888e-06
2557	3236	1	 1.468036938e-03 2.307308970e-06
2557	3238	1	 6.496917740e-04 4.519043520e-07
2557	3240	1	 1.538417624e-03 2.533846375e-06
2559	3231	1	 2.877502666e-03 8.864683965e-06
2559	3236	1	 2.165224865e-03 5.019238116e-06
2559	3238	1	 6.535685480e-04 4.573135572e-07
2559	3240	1	 6.350652990e-04 4.317859966e-07
2559	3241	1	 2.070488340e-03 4.589626726e-06
2561	3238	1	 2.113113160e-03 4.780543752e-06
2561	3240	1	 1.438674271e-03 2.215933594e-06
2562	3240	1	 2.069883426e-03 4.586945307e-06
2563	3231	1	 3.140692349e-03 1.056045380e-05
2563	3233	1	 1.370746298e-03 2.011620029e-06
2563	3234	1	 1.824299130e-04 3.563066185e-08
2564	3233	1	 3.657567651e-03 1.432242389e-05
2564	3234	1	 6.719410600e-04 4.833860890e-07
2565	3234	1	 1.282752592e-03 1.761641731e-06
2565	3244	1	 2.671525806e-03 7.641005901e-06
2565	3250	1	 2.445210267e-03 6.401241453e-06
2566	3233	1	 1.357612249e-03 1.973255324e-06
2566	3234	1	 5.470258911e-04 3.203668361e-07
2566	3243	1	 1.486465082e-03 2.365599454e-06
2566	3244	1	 6.188559085e-04 4.100255041e-07
2566	3245	1	 1.034265031e-03 1.145237262e-06
2566	3250	1	 5.089525259e-04 2.773232849e-07
2566	3251	1	 2.696123199e-03 7.782358881e-06
2566	3253	1	 3.886842499e-03 1.617430666e-05
2566	3254	1	 2.647652631e-03 7.505053611e-06
2567	3233	1	 3.487326172e-03 1.302017813e-05
2567	3234	1	 5.983252640e-04 3.832714502e-07
2567	3244	1	 3.062296836e-03 1.003983000e-05
2567	3249	1	 2.319520268e-03 5.760074905e-06
2568	3233	1	 2.874239283e-03 8.844588444e-06
2568	3234	1	 4.143973775e-04 1.838509102e-07
2571	3250	1	 3.171488595e-03 1.076857149e-05
2571	3253	1	 1.188032376e-03 1.511083070e-06
2571	3254	1	 3.444117928e-03 1.269953486e-05
2572	3253	1	 9.659908193e-04 9.990282878e-07
2575	3254	1	 2.387265364e-03 6.101451757e-06
2575	3257	1	 3.193803428e-03 1.092064157e-05
2578	3252	1	 1.419754779e-03 2.158034913e-06
2578	3253	1	 1.678586478e-04 3.016610431e-08
2579	3253	1	 7.389626664e-04 5.846241926e-07
2580	3253	1	 1.165935545e-03 1.455394981e-06
2580	3259	1	 2.301209340e-03 5.669490653e-06
2580	3263	1	 2.269207541e-03 5.512901387e-06
2580	3266	1	 3.617070574e-03 1.400702013e-05
2581	3252	1	 1.300180697e-03 1.809835971e-06
2581	3253	1	 4.628759260e-04 2.293828664e-07
2581	3258	1	 1.246703981e-03 1.664019765e-06
2581	3259	1	 3.365195630e-04 1.212418125e-07
2581	3260	1	 7.964968378e-04 6.792034756e-07
2581	3262	1	 1.926052495e-03 3.971623095e-06
2581	3263	1	 3.116935090e-04 1.040129237e-07
2581	3264	1	 2.375917146e-03 6.043581334e-06
2581	3265	1	 3.552931918e-03 1.351467352e-05
2581	3266	1	 1.565310526e-03 2.623208428e-06
2582	3253	1	 8.782576410e-04 8.258014889e-07
2583	3266	1	 2.526630200e-03 6.834632280e-06
2584	3263	1	 2.803753482e-03 8.416110709e-06
2584	3265	1	 2.492387083e-03 6.650629758e-06
2584	3266	1	 3.871651552e-04 1.604812564e-07
2585	3266	1	 7.923919726e-04 6.722207625e-07
2587	3266	1	 1.069964358e-03 1.225661119e-06
2588	3265	1	 2.110422530e-03 4.768377354e-06
2588	3266	1	 2.668300878e-04 7.622569379e-08
2588	3269	1	 3.056330245e-03 1.000074482e-05
2589	3266	1	 2.009997786e-03 4.325366832e-06
2590	3266	1	 3.000319849e-03 9.637555633e-06
2590	3269	1	 2.810146835e-03 8.454536704e-06
2590	3276	1	 1.916839619e-03 3.933719079e-06
2590	3279	1	 2.768316327e-03 8.204709632e-06
2591	3265	1	 3.360525218e-03 1.209055133e-05
2591	3266	1	 1.291105768e-03 1.784659755e-06
2591	3268	1	 2.686463843e-03 7.726695317e-06
2591	3269	1	 5.013599696e-04 2.691107822e-07
2591	3270	1	 8.211774873e-04 7.219478992e-07
2591	3272	1	 1.816295410e-03 3.531870398e-06
2591	3276	1	 2.297447481e-04 5.650969617e-08
2591	3277	1	 1.616130061e-03 2.796304135e-06
2591	3278	1	 2.284550692e-03 5.587703923e-06
2591	3279	1	 1.086606949e-03 1.264086356e-06
2591	3280	1	 3.086479662e-03 1.019902431e-05
2591	3281	1	 1.215332436e-03 1.581328018e-06
2591	3282	1	 3.576433690e-03 1.369405735e-05
2593	3269	1	 1.702008779e-03 3.101382839e-06
2593	3272	1	 8.774941046e-04 8.243662486e-07
2594	3272	1	 3.022774084e-03 9.782349341e-06
2594	3289	1	 3.288558768e-03 1.157825213e-05
2595	3269	1	 2.938501882e-03 9.244506545e-06
2595	3272	1	 7.287452069e-04 5.685690437e-07
2595	3273	1	 3.543335605e-03 1.344176704e-05
2596	3279	1	 2.106038062e-03 4.748585035e-06
2597	3276	1	 3.462785691e-03 1.283757566e-05
2597	3278	1	 2.331464995e-03 5.819552446e-06
2597	3279	1	 3.495017823e-04 1.307767612e-07
2597	3281	1	 3.633369211e-03 1.413353670e-05
2597	3282	1	 3.378174609e-03 1.221788335e-05
2598	3279	1	 8.203788701e-04 7.205443545e-07
2600	3279	1	 1.157078316e-03 1.433366656e-06
2600	3281	1	 2.189831835e-03 5.133969898e-06
2600	3282	1	 9.132757196e-04 8.929674139e-07
2601	3282	1	 1.930284219e-03 3.989094347e-06
2603	3281	1	 1.759080052e-03 3.312859328e-06
2603	3282	1	 6.620461141e-04 4.692543090e-07
2604	3278	1	 2.309938029e-03 5.712581977e-06
2604	3279	1	 3.280402459e-04 1.152089041e-07
2604	3285	1	 2.814655892e-03 8.481690144e-06
2604	3289	1	 3.071658659e-03 1.010130985e-05
2605	3279	1	 2.458736722e-03 6.472258328e-06
2606	3279	1	 3.307661898e-03 1.171315820e-05
2606	3285	1	 2.812539193e-03 8.468938010e-06
2606	3293	1	 3.758242654e-03 1.512172801e-05
2606	3296	1	 3.263326121e-03 1.140125718e-05
2607	3285	1	 1.682114155e-03 3.029303027e-06
2607	3286	1	 2.409211226e-03 6.214147305e-06
2607	3288	1	 2.505645801e-03 6.721576498e-06
2607	3290	1	 3.254440839e-03 1.133925573e-05
2607	3293	1	 1.420270846e-03 2.159604047e-06
2607	3296	1	 3.615304298e-03 1.399334374e-05
2607	3305	1	 2.577237729e-03 7.111164884e-06
2608	3289	1	 2.519443582e-03 6.795807415e-06
2610	3293	1	 3.106429192e-03 1.033129364e-05
2610	3295	1	 2.728040287e-03 7.967706847e-06
2610	3296	1	 2.209587846e-03 5.227022053e-06
2611	3290	1	 3.124369803e-03 1.045097120e-05
2611	3292	1	 3.188433009e-03 1.088394606e-05
2611	3293	1	 6.669331147e-04 4.762076315e-07
2611	3295	1	 1.047491452e-03 1.174715672e-06
2611	3296	1	 1.670546710e-03 2.987782879e-06
2612	3293	1	 8.916417241e-04 8.511626415e-07
2614	3293	1	 3.219213231e-03 1.109510140e-05
2614	3295	1	 1.119155636e-03 1.340950542e-06
2614	3296	1	 3.185045356e-03 1.086083036e-05
2617	3292	1	 1.863229059e-03 3.716758006e-06
2617	3293	1	 2.373565703e-04 6.031624598e-08
2617	3298	1	 3.808876748e-03 1.553193723e-05
2618	3293	1	 1.457480428e-03 2.274245011e-06
2619	3293	1	 3.254764921e-03 1.134151420e-05
2619	3309	1	 2.047172660e-03 4.486841557e-06
2620	3293	1	 1.772174394e-03 3.362363807e-06
2620	3298	1	 1.623712770e-03 2.822605609e-06
2620	3299	1	 1.376343944e-03 2.028083072e-06
2620	3309	1	 5.227299880e-04 2.925409171e-07
2620	3310	1	 1.656560473e-03 2.937963369e-06
2620	3312	1	 3.381139385e-03 1.223933824e-05
2620	3313	1	 8.759542960e-04 8.214756252e-07
2621	3293	1	 1.593007698e-03 2.716861731e-06
2621	3298	1	 2.965704757e-03 9.416458902e-06
2621	3302	1	 2.076771277e-03 4.617523612e-06
2621	3303	1	 1.817968088e-03 3.538378591e-06
2621	3304	1	 2.666740813e-03 7.613658669e-06
2621	3305	1	 2.120225982e-03 4.812780912e-06
2621	3306	1	 3.059197792e-03 1.001951967e-05
2621	3307	1	 2.746077630e-03 8.073417440e-06
2622	3303	1	 3.288019371e-03 1.157445425e-05
2622	3305	1	 1.847021659e-03 3.652378389e-06
2622	3306	1	 2.755655097e-03 8.129830793e-06
2622	3307	1	 1.664345515e-03 2.965642301e-06
2622	3308	1	 2.552708637e-03 6.976446745e-06
2623	3305	1	 2.208626505e-03 5.222474728e-06
2623	3307	1	 2.796404161e-03 8.372047180e-06
2623	3308	1	 2.994983411e-03 9.603302965e-06
2624	3305	1	 3.826217037e-03 1.567368052e-05
2624	3306	1	 2.193310845e-03 5.150295647e-06
2624	3307	1	 1.834152498e-03 3.601659653e-06
2624	3308	1	 1.953739375e-03 4.086627436e-06
2625	3308	1	 2.828454060e-03 8.565052835e-06
2626	3307	1	 3.309912170e-03 1.172910103e-05
2626	3308	1	 1.823864944e-03 3.561370357e-06
2627	3308	1	 2.210301037e-03 5.230396861e-06
2630	3312	1	 1.109264728e-03 1.317353091e-06
2630	3313	1	 2.442546825e-03 6.387303962e-06
2631	3312	1	 1.082190953e-03 1.253832682e-06
2634	3313	1	 1.847502082e-03 3.654278653e-06
2635	3311	1	 2.030054890e-03 4.412120342e-06
2635	3312	1	 3.562643235e-04 1.358865447e-07
2636	3314	1	 8.544411274e-04 7.816207432e-07
2637	3314	1	 2.248088486e-03 5.410763983e-06
2638	3313	1	 2.968237955e-03 9.432552175e-06
2638	3314	1	 1.182426789e-03 1.496856986e-06
2639	3313	1	 1.382607526e-03 2.046584219e-06
2639	3314	1	 3.394802560e-04 1.233845637e-07
2653	3313	1	 8.862787663e-04 8.409544572e-07
2653	3314	1	 1.988872596e-03 4.234924920e-06
2654	3291	1	 3.286807487e-03 1.156592370e-05
2654	3292	1	 1.528272545e-03 2.500537719e-06
2654	3293	1	 9.550739731e-04 9.765754629e-07
2654	3294	1	 1.051282609e-03 1.183234293e-06
2654	3295	1	 1.404731641e-03 2.112606043e-06
2654	3297	1	 3.273672935e-03 1.147367023e-05
2657	3295	1	 2.681862300e-03 7.700248454e-06
2658	3294	1	 2.194494524e-03 5.155856136e-06
2658	3295	1	 8.538359954e-04 7.805140170e-07
2664	3282	1	 3.511636008e-03 1.320233580e-05
2667	3282	1	 2.735105962e-03 8.009033315e-06
2667	3295	1	 2.853652819e-03 8.718345132e-06
2668	3282	1	 2.403229110e-03 6.183325936e-06
2670	3282	1	 3.785149752e-03 1.533903082e-05
2671	3282	1	 1.998800302e-03 4.277308751e-06
2693	3257	1	 2.402683344e-03 6.180517823e-06
2694	3256	1	 2.258624746e-03 5.461600781e-06
2694	3257	1	 2.384411532e-03 6.086872642e-06
2709	3235	1	 3.734241442e-03 1.492920138e-05
2709	3238	1	 9.722792589e-04 1.012077641e-06
2709	3240	1	 3.131393466e-03 1.049801212e-05
2710	3257	1	 8.732691773e-04 8.164471005e-07
2711	3235	1	 7.732336268e-04 6.401079969e-07
2711	3236	1	 1.544893677e-03 2.555224008e-06
2711	3238	1	 6.533706637e-04 4.570366726e-07
2711	3240	1	 3.680561471e-03 1.450306985e-05
2712	3235	1	 1.632138244e-03 2.851974710e-06
2712	3238	1	 2.883372889e-03 8.900889490e-06
2712	3255	1	 3.488573470e-03 1.302949355e-05
2712	3257	1	 1.275893534e-03 1.742852610e-06
2713	3233	1	 2.378877015e-03 6.058648654e-06
2713	3234	1	 3.713195603e-03 1.476139639e-05
2713	3235	1	 9.635975406e-04 9.940841596e-07
2713	3243	1	 2.275000654e-03 5.541085346e-06
2713	3244	1	 3.835457778e-03 1.574947931e-05
2713	3245	1	 2.686129654e-03 7.724773076e-06
2713	3250	1	 3.110419467e-03 1.035785222e-05
2713	3254	1	 1.873731890e-03 3.758778072e-06
2713	3255	1	 6.554508819e-04 4.599515556e-07
2713	3257	1	 3.998549100e-04 1.711735487e-07
3140	3237	1	 3.157140270e-03 1.067135440e-05
3140	3239	1	 1.386475030e-03 2.058049861e-06
3140	3241	1	 2.205041014e-03 5.205532127e-06
3140	3242	1	 2.710491575e-03 7.865528539e-06
3141	3231	1	 8.650096471e-04 8.010759431e-07
3141	3236	1	 2.218677684e-03 5.270116530e-06
3141	3237	1	 9.634983134e-04 9.938794368e-07
3141	3239	1	 8.612078944e-04 7.940498940e-07
3141	3240	1	 3.645521204e-03 1.422823550e-05
3141	3241	1	 1.851564650e-03 3.670367485e-06
3142	3231	1	 5.185948021e-04 2.879307886e-07
3142	3232	1	 3.687772586e-03 1.455995560e-05
3142	3236	1	 2.369646076e-03 6.011720203e-06
3142	3237	1	 1.991993182e-03 4.248224732e-06
3142	3238	1	 3.042236842e-03 9.908726259e-06
3142	3239	1	 2.236481850e-03 5.355037836e-06
3142	3240	1	 3.373563157e-03 1.218454954e-05
3142	3241	1	 2.920468398e-03 9.131388279e-06
3143	3239	1	 2.329410765e-03 5.809301863e-06
3143	3241	1	 1.670864269e-03 2.988918899e-06
3143	3242	1	 1.327059953e-03 1.885440689e-06
3144	3239	1	 1.303738263e-03 1.819753700e-06
3144	3240	1	 2.177494424e-03 5.076283762e-06
3144	3241	1	 5.872235942e-04 3.691805237e-07
3144	3242	1	 1.805656401e-04 3.490615487e-08
3145	3231	1	 3.688214074e-04 1.456344196e-07
3145	3232	1	 1.352740437e-03 1.959118622e-06
3145	3235	1	 3.302064940e-03 1.167355161e-05
3145	3236	1	 1.372199827e-03 2.015888503e-06
3145	3237	1	 3.900042025e-04 1.628434750e-07
3145	3239	1	 6.226030362e-04 4.150058859e-07
3145	3241	1	 2.497169008e-03 6.676174206e-06
3146	3242	1	 2.222101956e-03 5.286396710e-06
3147	3242	1	 3.133089600e-03 1.050938780e-05
3232	3911	1	 1.324019884e-03 1.876812132e-06
3232	3914	1	 1.479361891e-03 2.343045064e-06
3233	3914	1	 1.048390043e-03 1.176731998e-06
3235	3389	1	 1.242632393e-03 1.653168529e-06
3235	3391	1	 8.403187513e-04 7.559966954e-07
3235	3911	1	 2.459403325e-03 6.475768269e-06
3235	3914	1	 3.493875391e-03 1.306912799e-05
3236	3389	1	 7.821569859e-04 6.549673408e-07
3236	3391	1	 1.041284311e-03 1.160834849e-06
3236	3822	1	 3.533368883e-03 1.336625517e-05
3236	3911	1	 2.744688486e-03 8.065251391e-06
3236	3918	1	 2.128089027e-03 4.848544348e-06
3237	3389	1	 2.024211823e-03 4.386758257e-06
3237	3391	1	 2.100868869e-03 4.725303188e-06
3237	3821	1	 2.317305945e-03 5.749082478e-06
3237	3822	1	 4.088436594e-04 1.789560237e-07
3237	3911	1	 7.521440416e-04 6.056668815e-07
3237	3912	1	 3.472582469e-03 1.291031755e-05
3237	3915	1	 2.343905278e-03 5.881822331e-06
3237	3916	1	 1.469053063e-03 2.310504155e-06
3237	3918	1	 6.503692744e-04 4.528473378e-07
3237	3920	1	 1.538615218e-03 2.534497312e-06
3238	3386	1	 3.688841617e-03 1.456839826e-05
3238	3387	1	 3.103957620e-03 1.031486038e-05
3238	3389	1	 7.181526347e-04 5.521604602e-07
3238	3391	1	 2.076135973e-03 4.614698954e-06
3239	3821	1	 1.537564160e-03 2.531035766e-06
3239	3822	1	 2.849369966e-04 8.692195235e-08
3239	3823	1	 1.571190703e-03 2.642953906e-06
3239	3824	1	 3.270685681e-03 1.145274014e-05
3239	3911	1	 2.875172905e-03 8.850335250e-06
3239	3916	1	 2.166072649e-03 5.023169403e-06
3239	3918	1	 6.547619586e-04 4.589851832e-07
3239	3920	1	 6.363228663e-04 4.334977499e-07
3239	3921	1	 2.071678474e-03 4.594904553e-06
3240	3389	1	 1.804962827e-03 3.487934431e-06
3240	3400	1	 3.593945739e-03 1.382849189e-05
3241	3389	1	 3.804166434e-03 1.549354530e-05
3241	3400	1	 2.892922758e-03 8.959947472e-06
3241	3822	1	 2.461976303e-03 6.489324990e-06
3241	3918	1	 2.115433618e-03 4.791048765e-06
3241	3920	1	 1.439925208e-03 2.219788808e-06
3242	3396	1	 3.788805680e-03 1.536867587e-05
3242	3400	1	 8.040001625e-04 6.920604978e-07
3242	3823	1	 2.603326109e-03 7.255860687e-06
3242	3824	1	 2.706231900e-03 7.840825808e-06
3242	3920	1	 2.072539496e-03 4.598724779e-06
3243	3911	1	 3.136612381e-03 1.053303415e-05
3243	3913	1	 1.369967235e-03 2.009334071e-06
3243	3914	1	 1.821739831e-04 3.553075989e-08
3244	3913	1	 3.655284486e-03 1.430454849e-05
3244	3914	1	 6.713202140e-04 4.824932438e-07
3245	3393	1	 3.505800982e-03 1.315849756e-05
3245	3914	1	 1.279558377e-03 1.752879236e-06
3245	3924	1	 2.669283976e-03 7.628187272e-06
3245	3930	1	 2.444242555e-03 6.396175771e-06
3246	3392	1	 3.165288125e-03 1.072650611e-05
3246	3393	1	 7.296025994e-04 5.699077107e-07
3246	3913	1	 1.352015169e-03 1.957018432e-06
3246	3914	1	 5.443734712e-04 3.172675779e-07
3246	3923	1	 1.483039897e-03 2.354710157e-06
3246	3924	1	 6.168265753e-04 4.073408270e-07
3246	3925	1	 1.032558727e-03 1.141461612e-06
3246	3930	1	 5.081772307e-04 2.764790268e-07
3246	3931	1	 2.698208603e-03 7.794402574e-06
3246	3934	1	 2.649271314e-03 7.514233077e-06
3247	3913	1	 3.485719577e-03 1.300818423e-05
3247	3914	1	 5.983879033e-04 3.833517045e-07
3247	3924	1	 3.064842501e-03 1.005652901e-05
3247	3929	1	 2.319489679e-03 5.759922985e-06
3248	3913	1	 2.875564014e-03 8.852743228e-06
3248	3914	1	 4.151715126e-04 1.845384550e-07
3251	3930	1	 3.163868312e-03 1.071688537e-05
3251	3933	1	 1.188990302e-03 1.513520866e-06
3251	3934	1	 3.446517821e-03 1.271723933e-05
3252	3933	1	 9.660344900e-04 9.991186184e-07
3255	3373	1	 2.529688862e-03 6.851189895e-06
3255	3390	1	 1.559604675e-03 2.604119108e-06
3255	3392	1	 1.415657448e-03 2.145596956e-06
3255	3393	1	 8.852788040e-04 8.390578793e-07
3255	3934	1	 2.387809209e-03 6.104232028e-06
3255	3937	1	 3.197093229e-03 1.094315093e-05
3256	3373	1	 3.294012150e-03 1.161668415e-05
3256	3374	1	 2.589137446e-03 7.176984356e-06
3257	3371	1	 3.824941165e-03 1.566322932e-05
3257	3372	1	 1.046669674e-03 1.172873219e-06
3257	3373	1	 6.568533936e-04 4.619220392e-07
3257	3374	1	 2.387262453e-03 6.101436881e-06
3257	3388	1	 1.682890878e-03 3.032101256e-06
3257	3390	1	 6.857363314e-04 5.034381318e-07
3257	3392	1	 1.335057472e-03 1.908234358e-06
3257	3393	1	 1.892737735e-03 3.835417709e-06
3258	3932	1	 1.419230313e-03 2.156440824e-06
3258	3933	1	 1.676564483e-04 3.009347297e-08
3259	3933	1	 7.379040726e-04 5.829503968e-07
3260	3933	1	 1.163900825e-03 1.450319679e-06
3260	3939	1	 2.299496089e-03 5.661051924e-06
3260	3943	1	 2.271604288e-03 5.524553036e-06
3260	3946	1	 3.623095920e-03 1.405372502e-05
3261	3932	1	 1.298093139e-03 1.804028926e-06
3261	3933	1	 4.616326076e-04 2.281522433e-07
3261	3936	1	 3.893535867e-03 1.623006082e-05
3261	3938	1	 1.244866385e-03 1.659117972e-06
3261	3939	1	 3.360147630e-04 1.208783450e-07
3261	3940	1	 7.966790489e-04 6.795142680e-07
3261	3942	1	 1.921717948e-03 3.953767074e-06
3261	3943	1	 3.122523853e-04 1.043862550e-07
3261	3944	1	 2.381466997e-03 6.071848436e-06
3261	3945	1	 3.562099818e-03 1.358450938e-05
3261	3946	1	 1.568747432e-03 2.634740477e-06
3262	3933	1	 8.775440261e-04 8.244600493e-07
3263	3946	1	 2.529010051e-03 6.847513519e-06
3264	3943	1	 2.801558992e-03 8.402941331e-06
3264	3945	1	 2.495000137e-03 6.664582297e-06
3264	3946	1	 3.876559726e-04 1.608884052e-07
3265	3360	1	 3.643941337e-03 1.421590594e-05
3265	3946	1	 7.925448525e-04 6.724801771e-07
3266	3360	1	 3.164456755e-03 1.072087217e-05
3267	3357	1	 3.056809679e-03 1.000388262e-05
3267	3358	1	 1.805309968e-03 3.489276198e-06
3267	3359	1	 1.135275988e-03 1.379858942e-06
3267	3360	1	 6.729613414e-04 4.848551591e-07
3267	3946	1	 1.069956322e-03 1.225642710e-06
3267	4040	1	 1.820413096e-03 3.547902610e-06
3268	3945	1	 2.108955006e-03 4.761748091e-06
3268	3946	1	 2.665234320e-04 7.605058895e-08
3268	3949	1	 3.059645150e-03 1.002245027e-05
3269	3946	1	 2.007102100e-03 4.312913207e-06
3270	3946	1	 2.993229693e-03 9.592059796e-06
3270	3949	1	 2.807764635e-03 8.440208728e-06
3270	3956	1	 1.919004029e-03 3.942607656e-06
3270	3959	1	 2.778908201e-03 8.267613934e-06
3271	3945	1	 3.350477111e-03 1.201835695e-05
3271	3946	1	 1.287083977e-03 1.773558652e-06
3271	3948	1	 2.681568925e-03 7.698563854e-06
3271	3949	1	 5.003793659e-04 2.680591108e-07
3271	3950	1	 8.213765081e-04 7.222978845e-07
3271	3952	1	 1.811831075e-03 3.514529522e-06
3271	3956	1	 2.302533549e-04 5.676017442e-08
3271	3957	1	 1.619526978e-03 2.808071498e-06
3271	3958	1	 2.291738724e-03 5.622921158e-06
3271	3959	1	 1.092213489e-03 1.277164561e-06
3271	3960	1	 3.093886263e-03 1.024803208e-05
3271	3961	1	 1.218491383e-03 1.589559219e-06
3271	3962	1	 3.580099415e-03 1.372214364e-05
3273	3949	1	 1.701835917e-03 3.100752898e-06
3273	3952	1	 8.774676513e-04 8.243165459e-07
3274	3952	1	 3.021321819e-03 9.772951912e-06
3274	3969	1	 3.295768052e-03 1.162907219e-05
3275	3949	1	 2.942074645e-03 9.266999980e-06
3275	3952	1	 7.304708584e-04 5.712649481e-07
3275	3953	1	 3.548450258e-03 1.348060027e-05
3276	3959	1	 2.109286125e-03 4.763243457e-06
3277	3956	1	 3.455889122e-03 1.278649132e-05
3277	3958	1	 2.330797166e-03 5.816218997e-06
3277	3959	1	 3.498337974e-04 1.310253463e-07
3277	3961	1	 3.629759561e-03 1.410546812e-05
3277	3962	1	 3.371760888e-03 1.217153424e-05
3278	3959	1	 8.194044596e-04 7.188337082e-07
3280	3347	1	 1.100684095e-03 1.297051349e-06
3280	3959	1	 1.157875289e-03 1.435341886e-06
3280	3961	1	 2.185997766e-03 5.116008006e-06
3280	3962	1	 9.110346652e-04 8.885903497e-07
3281	3347	1	 3.771161940e-03 1.522587122e-05
3281	3360	1	 2.658324104e-03 7.565674386e-06
3281	3962	1	 1.928069508e-03 3.979945826e-06
3282	3345	1	 2.675352447e-03 7.662911229e-06
3282	3346	1	 1.815717525e-03 3.529623306e-06
3282	3347	1	 2.251922016e-03 5.429233013e-06
3282	3360	1	 3.123568492e-03 1.044561115e-05
3283	3357	1	 1.157205304e-03 1.433681294e-06
3283	3358	1	 2.318119588e-03 5.753120379e-06
3283	3360	1	 6.377352152e-04 4.354242233e-07
3283	3961	1	 1.756727902e-03 3.304005686e-06
3283	3962	1	 6.614764373e-04 4.684470895e-07
3283	4040	1	 3.321883011e-03 1.181409489e-05
3284	3958	1	 2.306087265e-03 5.693551621e-06
3284	3959	1	 3.271530450e-04 1.145865705e-07
3284	3965	1	 2.812367139e-03 8.467901886e-06
3284	3969	1	 3.067728638e-03 1.007547823e-05
3285	3959	1	 2.452832038e-03 6.441209252e-06
3286	3959	1	 3.302071650e-03 1.167359905e-05
3286	3965	1	 2.811945613e-03 8.465363688e-06
3286	3973	1	 3.764775772e-03 1.517434723e-05
3286	3976	1	 3.263280033e-03 1.140093514e-05
3287	3965	1	 1.680435422e-03 3.023259614e-06
3287	3966	1	 2.409818643e-03 6.217281156e-06
3287	3968	1	 2.502148369e-03 6.702825365e-06
3287	3970	1	 3.255337996e-03 1.134550842e-05
3287	3973	1	 1.425039857e-03 2.174131510e-06
3287	3976	1	 3.613767705e-03 1.398145125e-05
3287	3985	1	 2.579253935e-03 7.122295551e-06
3288	3969	1	 2.514301851e-03 6.768097679e-06
3290	3973	1	 3.111803400e-03 1.036707140e-05
3290	3975	1	 2.729503816e-03 7.976258113e-06
3290	3976	1	 2.208075093e-03 5.219867340e-06
3291	3334	1	 1.425749730e-03 2.176298104e-06
3291	3970	1	 3.123559540e-03 1.044555127e-05
3291	3972	1	 3.189466265e-03 1.089100139e-05
3291	3973	1	 6.672643525e-04 4.766807739e-07
3291	3975	1	 1.048189485e-03 1.176281820e-06
3291	3976	1	 1.669492073e-03 2.984011624e-06
3292	3334	1	 1.808164348e-03 3.500318729e-06
3292	3973	1	 8.919188279e-04 8.516917710e-07
3294	3332	1	 2.426170528e-03 6.301942456e-06
3294	3334	1	 8.354551119e-04 7.472708290e-07
3294	3347	1	 1.917681979e-03 3.937177203e-06
3294	3973	1	 3.222417371e-03 1.111719869e-05
3294	3975	1	 1.118324121e-03 1.338958671e-06
3294	3976	1	 3.180604876e-03 1.083056788e-05
3295	3347	1	 1.023716993e-03 1.121996784e-06
3296	3347	1	 1.150733584e-03 1.417690288e-06
3297	3332	1	 3.113826467e-03 1.038055561e-05
3297	3333	1	 3.786857255e-03 1.535287300e-05
3297	3334	1	 8.343920547e-04 7.453703408e-07
3297	3972	1	 1.862496445e-03 3.713835750e-06
3297	3973	1	 2.371125260e-04 6.019227832e-08
3297	3978	1	 3.815444528e-03 1.558554794e-05
3298	3334	1	 3.207611472e-03 1.101527398e-05
3298	3973	1	 1.456024681e-03 2.269704200e-06
3299	3332	1	 2.598733793e-03 7.230284318e-06
3299	3333	1	 9.255409015e-04 9.171133587e-07
3299	3334	1	 1.904654360e-03 3.883865110e-06
3299	3973	1	 3.247309325e-03 1.128961436e-05
3299	3989	1	 2.049099495e-03 4.495291719e-06
3300	3332	1	 7.091703147e-04 5.384345057e-07
3300	3333	1	 1.654541133e-04 2.930805006e-08
3300	3334	1	 4.450574354e-04 2.120625160e-07
3300	3973	1	 1.766642945e-03 3.341406818e-06
3300	3978	1	 1.624238229e-03 2.824432785e-06
3300	3979	1	 1.378578843e-03 2.034674800e-06
3300	3989	1	 5.231227846e-04 2.929807321e-07
3300	3990	1	 1.659260107e-03 2.947546949e-06
3300	3992	1	 3.388270113e-03 1.229101752e-05
3300	3993	1	 8.788138201e-04 8.268477399e-07
3301	3973	1	 1.591654675e-03 2.712248554e-06
3301	3978	1	 2.971550925e-03 9.453620029e-06
3301	3982	1	 2.075534882e-03 4.612027214e-06
3301	3983	1	 1.814135897e-03 3.523476843e-06
3301	3984	1	 2.665333813e-03 7.605626701e-06
3301	3985	1	 2.115147111e-03 4.789751089e-06
3301	3986	1	 3.052898705e-03 9.978300462e-06
3301	3987	1	 2.739715783e-03 8.036053343e-06
3302	3983	1	 3.286479738e-03 1.156361718e-05
3302	3985	1	 1.845207597e-03 3.645207503e-06
3302	3986	1	 2.753662740e-03 8.118079201e-06
3302	3987	1	 1.662450296e-03 2.958892090e-06
3302	3988	1	 2.549081538e-03 6.956635407e-06
3303	3985	1	 2.207819746e-03 5.218660134e-06
3303	3987	1	 2.796210591e-03 8.370888177e-06
3303	3988	1	 2.994190358e-03 9.598217846e-06
3304	3985	1	 3.821528277e-03 1.563529007e-05
3304	3986	1	 2.192372301e-03 5.145888840e-06
3304	3987	1	 1.832116853e-03 3.593669443e-06
3304	3988	1	 1.950123678e-03 4.071515557e-06
3305	3988	1	 2.828824160e-03 8.567294438e-06
3306	3987	1	 3.309319786e-03 1.172490303e-05
3306	3988	1	 1.821975106e-03 3.553993798e-06
3307	3988	1	 2.209998524e-03 5.228965243e-06
3309	3333	1	 2.163477400e-03 5.011139738e-06
3310	3333	1	 1.627303521e-03 2.835103485e-06
3310	3992	1	 1.108480500e-03 1.315491065e-06
3310	3993	1	 2.440197914e-03 6.375024980e-06
3311	3992	1	 1.081477168e-03 1.252179237e-06
3313	3333	1	 8.950526857e-04 8.576873166e-07
3314	3328	1	 3.364729132e-03 1.212082007e-05
3314	3332	1	 2.255534516e-03 5.446665980e-06
3314	3333	1	 2.420937176e-04 6.274784671e-08
3314	3993	1	 1.844261981e-03 3.641472334e-06
3315	3991	1	 2.027417726e-03 4.400664566e-06
3315	3992	1	 3.562299348e-04 1.358603129e-07
