1	2	3	1	 1.109592815e+02 8.000000000e+01
1	2	5	1	 1.096954162e+02 8.000000000e+01
2	3	4	1	 1.200279232e+02 8.000000000e+01
2	3	13	1	 1.160116782e+02 8.000000000e+01
2	5	6	1	 1.136491314e+02 8.000000000e+01
3	2	5	1	 1.067443994e+02 8.000000000e+01
3	13	14	1	 1.216365051e+02 8.000000000e+01
4	3	13	1	 1.238198443e+02 8.000000000e+01
5	6	7	1	 1.209416944e+02 8.000000000e+01
5	6	8	1	 1.209487180e+02 8.000000000e+01
6	7	9	1	 1.212753858e+02 8.000000000e+01
6	8	10	1	 1.211812134e+02 8.000000000e+01
7	6	8	1	 1.181057732e+02 8.000000000e+01
7	9	11	1	 1.198577489e+02 8.000000000e+01
8	10	11	1	 1.196194779e+02 8.000000000e+01
9	11	10	1	 1.199075179e+02 8.000000000e+01
9	11	12	1	 1.192302345e+02 8.000000000e+01
10	11	12	1	 1.208622310e+02 8.000000000e+01
13	14	15	1	 1.059071567e+02 8.000000000e+01
13	14	17	1	 1.129986014e+02 8.000000000e+01
14	15	16	1	 1.195671259e+02 8.000000000e+01
14	15	20	1	 1.172690792e+02 8.000000000e+01
14	17	18	1	 1.085241681e+02 8.000000000e+01
14	17	19	1	 1.121660147e+02 8.000000000e+01
15	14	17	1	 1.114333403e+02 8.000000000e+01
15	20	21	1	 1.230692611e+02 8.000000000e+01
16	15	20	1	 1.231280643e+02 8.000000000e+01
18	17	19	1	 1.099596771e+02 8.000000000e+01
20	21	22	1	 1.041801061e+02 8.000000000e+01
20	21	24	1	 1.125057878e+02 8.000000000e+01
21	22	23	1	 1.186141311e+02 8.000000000e+01
21	22	28	1	 1.178074881e+02 8.000000000e+01
21	24	25	1	 1.141163351e+02 8.000000000e+01
21	24	26	1	 1.121454585e+02 8.000000000e+01
22	21	24	1	 1.115493451e+02 8.000000000e+01
22	28	29	1	 1.216262655e+02 8.000000000e+01
23	22	28	1	 1.235710742e+02 8.000000000e+01
24	25	27	1	 1.156190649e+02 8.000000000e+01
25	24	26	1	 1.131495402e+02 8.000000000e+01
28	29	30	1	 1.074572328e+02 8.000000000e+01
28	29	32	1	 1.102150882e+02 8.000000000e+01
29	30	31	1	 1.196028149e+02 8.000000000e+01
29	30	33	1	 1.169479494e+02 8.000000000e+01
30	29	32	1	 1.102621681e+02 8.000000000e+01
30	33	34	1	 1.207198951e+02 8.000000000e+01
31	30	33	1	 1.234358749e+02 8.000000000e+01
33	34	35	1	 1.096566321e+02 8.000000000e+01
33	34	37	1	 1.105476155e+02 8.000000000e+01
34	35	36	1	 1.201624854e+02 8.000000000e+01
34	35	38	1	 1.160029777e+02 8.000000000e+01
35	34	37	1	 1.110572266e+02 8.000000000e+01
35	38	39	1	 1.230498012e+02 8.000000000e+01
36	35	38	1	 1.237763827e+02 8.000000000e+01
38	39	40	1	 1.046460545e+02 8.000000000e+01
38	39	42	1	 1.104820367e+02 8.000000000e+01
39	40	41	1	 1.202976574e+02 8.000000000e+01
39	40	46	1	 1.159039830e+02 8.000000000e+01
39	42	43	1	 1.157584079e+02 8.000000000e+01
40	39	42	1	 1.115827270e+02 8.000000000e+01
40	46	47	1	 1.217299693e+02 8.000000000e+01
41	40	46	1	 1.237901447e+02 8.000000000e+01
42	43	44	1	 1.106512672e+02 8.000000000e+01
42	43	45	1	 1.090911640e+02 8.000000000e+01
44	43	45	1	 1.111778311e+02 8.000000000e+01
46	47	48	1	 1.168196318e+02 8.000000000e+01
46	47	50	1	 1.104481751e+02 8.000000000e+01
47	48	49	1	 1.199163387e+02 8.000000000e+01
47	48	54	1	 1.155320004e+02 8.000000000e+01
47	50	51	1	 1.179225422e+02 8.000000000e+01
48	47	50	1	 1.060005677e+02 8.000000000e+01
48	54	55	1	 1.235091073e+02 8.000000000e+01
49	48	54	1	 1.244562394e+02 8.000000000e+01
50	51	52	1	 1.077639392e+02 8.000000000e+01
50	51	53	1	 1.109198154e+02 8.000000000e+01
52	51	53	1	 1.115470197e+02 8.000000000e+01
54	55	56	1	 1.045254162e+02 8.000000000e+01
54	55	58	1	 1.124821935e+02 8.000000000e+01
55	56	57	1	 1.199063489e+02 8.000000000e+01
55	56	60	1	 1.187678191e+02 8.000000000e+01
55	58	59	1	 1.111041690e+02 8.000000000e+01
56	55	58	1	 1.094999268e+02 8.000000000e+01
56	60	61	1	 1.192527779e+02 8.000000000e+01
56	60	66	1	 1.289550469e+02 8.000000000e+01
57	56	60	1	 1.212776000e+02 8.000000000e+01
60	61	62	1	 1.145286976e+02 8.000000000e+01
60	61	64	1	 1.025646087e+02 8.000000000e+01
60	66	65	1	 1.032411290e+02 8.000000000e+01
61	60	66	1	 1.112990059e+02 8.000000000e+01
61	62	63	1	 1.190475399e+02 8.000000000e+01
61	62	67	1	 1.186723444e+02 8.000000000e+01
61	64	65	1	 1.041017120e+02 8.000000000e+01
62	61	64	1	 1.126209677e+02 8.000000000e+01
62	67	68	1	 1.228716093e+02 8.000000000e+01
63	62	67	1	 1.222788325e+02 8.000000000e+01
64	65	66	1	 1.032689265e+02 8.000000000e+01
67	68	69	1	 1.127980030e+02 8.000000000e+01
67	68	71	1	 1.117485087e+02 8.000000000e+01
68	69	70	1	 1.195631217e+02 8.000000000e+01
68	69	79	1	 1.175512039e+02 8.000000000e+01
68	71	72	1	 1.127615982e+02 8.000000000e+01
69	68	71	1	 1.103464328e+02 8.000000000e+01
69	79	80	1	 1.189944920e+02 8.000000000e+01
70	69	79	1	 1.228537731e+02 8.000000000e+01
71	72	73	1	 1.209218023e+02 8.000000000e+01
71	72	74	1	 1.210109799e+02 8.000000000e+01
72	73	75	1	 1.211859512e+02 8.000000000e+01
72	74	76	1	 1.211243119e+02 8.000000000e+01
73	72	74	1	 1.180662176e+02 8.000000000e+01
73	75	77	1	 1.196867589e+02 8.000000000e+01
74	76	77	1	 1.194834403e+02 8.000000000e+01
75	77	76	1	 1.203770652e+02 8.000000000e+01
75	77	78	1	 1.197123235e+02 8.000000000e+01
76	77	78	1	 1.199050886e+02 8.000000000e+01
79	80	81	1	 1.110213548e+02 8.000000000e+01
79	80	83	1	 1.085457870e+02 8.000000000e+01
80	81	82	1	 1.211935797e+02 8.000000000e+01
80	81	85	1	 1.208045015e+02 8.000000000e+01
80	83	84	1	 1.127794931e+02 8.000000000e+01
81	80	83	1	 1.080841370e+02 8.000000000e+01
82	81	85	1	 1.180019185e+02 8.000000000e+01
