[ angles ]
 ;ai  aj  ak  func th0 Ka
   1   2   3     1       
   1   2   5     1       
   2   3   4     1       
   2   3  13     1       
   2   5   6     1       
   3   2   5     1       
   3  13  14     1       
   4   3  13     1       
   5   6   7     1       
   5   6   8     1       
   6   7   9     1       
   6   8  10     1       
   7   6   8     1       
   7   9  11     1       
   8  10  11     1       
   9  11  10     1       
   9  11  12     1       
  10  11  12     1       
  13  14  15     1       
  13  14  17     1       
  14  15  16     1       
  14  15  20     1       
  14  17  18     1       
  14  17  19     1       
  15  14  17     1       
  15  20  21     1       
  16  15  20     1       
  18  17  19     1       
  20  21  22     1       
  20  21  24     1       
  21  22  23     1       
  21  22  28     1       
  21  24  25     1       
  21  24  26     1       
  22  21  24     1       
  22  28  29     1       
  23  22  28     1       
  24  25  27     1       
  25  24  26     1       
  28  29  30     1       
  28  29  32     1       
  29  30  31     1       
  29  30  33     1       
  30  29  32     1       
  30  33  34     1       
  31  30  33     1       
  33  34  35     1       
  33  34  37     1       
  34  35  36     1       
  34  35  38     1       
  35  34  37     1       
  35  38  39     1       
  36  35  38     1       
  38  39  40     1       
  38  39  42     1       
  39  40  41     1       
  39  40  46     1       
  39  42  43     1       
  40  39  42     1       
  40  46  47     1       
  41  40  46     1       
  42  43  44     1       
  42  43  45     1       
  44  43  45     1       
  46  47  48     1       
  46  47  50     1       
  47  48  49     1       
  47  48  54     1       
  47  50  51     1       
  48  47  50     1       
  48  54  55     1       
  49  48  54     1       
  50  51  52     1       
  50  51  53     1       
  52  51  53     1       
  54  55  56     1       
  54  55  58     1       
  55  56  57     1       
  55  56  60     1       
  55  58  59     1       
  56  55  58     1       
  56  60  61     1       
  56  60  66     1       
  57  56  60     1       
  60  61  62     1       
  60  61  64     1       
  60  66  65     1       
  61  60  66     1       
  61  62  63     1       
  61  62  67     1       
  61  64  65     1       
  62  61  64     1       
  62  67  68     1       
  63  62  67     1       
  64  65  66     1       
  67  68  69     1       
  67  68  71     1       
  68  69  70     1       
  68  69  79     1       
  68  71  72     1       
  69  68  71     1       
  69  79  80     1       
  70  69  79     1       
  71  72  73     1       
  71  72  74     1       
  72  73  75     1       
  72  74  76     1       
  73  72  74     1       
  73  75  77     1       
  74  76  77     1       
  75  77  76     1       
  75  77  78     1       
  76  77  78     1       
  79  80  81     1       
  79  80  83     1       
  80  81  82     1       
  80  81  85     1       
  80  83  84     1       
  81  80  83     1       
  82  81  85     1       