[ bonds ]
 ;ai  aj  func r0 kb
   1   2     1      
   2   3     1      
   2   5     1      
   3   4     1      
   3  13     1      
   5   6     1      
   6   7     1      
   6   8     1      
   7   9     1      
   8  10     1      
   9  11     1      
  10  11     1      
  11  12     1      
  13  14     1      
  14  15     1      
  14  17     1      
  15  16     1      
  15  20     1      
  17  18     1      
  17  19     1      
  20  21     1      
  21  22     1      
  21  24     1      
  22  23     1      
  22  28     1      
  24  25     1      
  24  26     1      
  25  27     1      
  28  29     1      
  29  30     1      
  29  32     1      
  30  31     1      
  30  33     1      
  33  34     1      
  34  35     1      
  34  37     1      
  35  36     1      
  35  38     1      
  38  39     1      
  39  40     1      
  39  42     1      
  40  41     1      
  40  46     1      
  42  43     1      
  43  44     1      
  43  45     1      
  46  47     1      
  47  48     1      
  47  50     1      
  48  49     1      
  48  54     1      
  50  51     1      
  51  52     1      
  51  53     1      
  54  55     1      
  55  56     1      
  55  58     1      
  56  57     1      
  56  60     1      
  58  59     1      
  60  61     1      
  61  62     1      
  61  64     1      
  62  63     1      
  62  67     1      
  64  65     1      
  65  66     1      
  66  60     1      
  67  68     1      
  68  69     1      
  68  71     1      
  69  70     1      
  69  79     1      
  71  72     1      
  72  73     1      
  72  74     1      
  73  75     1      
  74  76     1      
  75  77     1      
  76  77     1      
  77  78     1      
  79  80     1      
  80  81     1      
  80  83     1      
  81  82     1      
  81  85     1      
  83  84     1      